0,0,0
0,1,0
0,2,0
0,3,0
0,4,0
0,5,0
0,6,0
0,7,0
0,8,0
0,9,0
0,10,0
0,11,0
0,12,0
0,13,0
0,14,0
0,15,0
0,16,0
0,17,0
0,18,0
0,19,0
0,20,0
0,21,0
0,22,0
0,23,0
0,24,0
0,25,0
0,26,0
0,27,0
0,28,0
0,29,0
0,30,0
0,31,0
0,32,0
0,33,0
0,34,0
0,35,0
0,36,0
0,37,0
0,38,0
0,39,0
0,40,0
0,41,0
0,42,0
0,43,0
0,44,0
0,45,0
0,46,0
0,47,0
0,48,0
0,49,0
0,50,0
0,51,0
0,52,0
0,53,0
0,54,0
0,55,0
0,56,0
0,57,0
0,58,0
0,59,0
0,60,0
0,61,0
0,62,0
0,63,0
0,64,0
0,65,0
0,66,0
0,67,0
0,68,0
0,69,0
0,70,0
0,71,0
0,72,0
0,73,0
0,74,0
1,0,0
1,1,0
1,2,0
1,3,0
1,4,0
1,5,0
1,6,0
1,7,0
1,8,0
1,9,0
1,10,0
1,11,0
1,12,0
1,13,0
1,14,0
1,15,0
1,16,0
1,17,0
1,18,0
1,19,0
1,20,0
1,21,0
1,22,0
1,23,0
1,24,0
1,25,1
1,26,1
1,27,0
1,28,0
1,29,0
1,30,0
1,31,0
1,32,0
1,33,0
1,34,0
1,35,0
1,36,0
1,37,0
1,38,1
1,39,1
1,40,0
1,41,0
1,42,0
1,43,0
1,44,0
1,45,0
1,46,0
1,47,0
1,48,0
1,49,0
1,50,0
1,51,0
1,52,0
1,53,0
1,54,0
1,55,0
1,56,0
1,57,0
1,58,0
1,59,0
1,60,0
1,61,0
1,62,0
1,63,0
1,64,0
1,65,0
1,66,0
1,67,0
1,68,0
1,69,0
1,70,0
1,71,0
1,72,0
1,73,0
1,74,0
2,0,0
2,1,0
2,2,0
2,3,0
2,4,0
2,5,0
2,6,0
2,7,0
2,8,0
2,9,1
2,10,1
2,11,1
2,12,0
2,13,0
2,14,0
2,15,0
2,16,0
2,17,0
2,18,0
2,19,0
2,20,1
2,21,1
2,22,0
2,23,0
2,24,1
2,25,1
2,26,1
2,27,1
2,28,1
2,29,1
2,30,1
2,31,1
2,32,0
2,33,0
2,34,0
2,35,0
2,36,0
2,37,1
2,38,1
2,39,1
2,40,1
2,41,0
2,42,0
2,43,0
2,44,0
2,45,0
2,46,0
2,47,0
2,48,0
2,49,0
2,50,0
2,51,0
2,52,0
2,53,0
2,54,0
2,55,0
2,56,0
2,57,0
2,58,1
2,59,1
2,60,1
2,61,1
2,62,0
2,63,0
2,64,0
2,65,0
2,66,0
2,67,0
2,68,0
2,69,0
2,70,0
2,71,0
2,72,0
2,73,0
2,74,0
3,0,0
3,1,0
3,2,0
3,3,0
3,4,0
3,5,0
3,6,0
3,7,1
3,8,1
3,9,1
3,10,1
3,11,1
3,12,1
3,13,0
3,14,0
3,15,0
3,16,0
3,17,0
3,18,0
3,19,1
3,20,1
3,21,1
3,22,1
3,23,1
3,24,1
3,25,1
3,26,1
3,27,1
3,28,1
3,29,1
3,30,1
3,31,1
3,32,1
3,33,1
3,34,1
3,35,1
3,36,1
3,37,1
3,38,1
3,39,1
3,40,1
3,41,1
3,42,0
3,43,0
3,44,0
3,45,0
3,46,0
3,47,0
3,48,0
3,49,0
3,50,0
3,51,0
3,52,0
3,53,0
3,54,0
3,55,0
3,56,0
3,57,1
3,58,1
3,59,1
3,60,1
3,61,1
3,62,1
3,63,0
3,64,0
3,65,0
3,66,0
3,67,0
3,68,0
3,69,0
3,70,0
3,71,0
3,72,0
3,73,0
3,74,0
4,0,0
4,1,0
4,2,0
4,3,0
4,4,0
4,5,0
4,6,1
4,7,1
4,8,1
4,9,1
4,10,1
4,11,1
4,12,1
4,13,0
4,14,0
4,15,0
4,16,0
4,17,0
4,18,0
4,19,1
4,20,1
4,21,1
4,22,1
4,23,1
4,24,1
4,25,1
4,26,1
4,27,1
4,28,1
4,29,1
4,30,1
4,31,1
4,32,1
4,33,1
4,34,1
4,35,1
4,36,1
4,37,1
4,38,1
4,39,1
4,40,1
4,41,1
4,42,1
4,43,0
4,44,0
4,45,0
4,46,0
4,47,0
4,48,0
4,49,0
4,50,0
4,51,0
4,52,0
4,53,0
4,54,0
4,55,0
4,56,0
4,57,1
4,58,1
4,59,1
4,60,1
4,61,1
4,62,1
4,63,1
4,64,0
4,65,0
4,66,0
4,67,0
4,68,0
4,69,0
4,70,0
4,71,0
4,72,0
4,73,0
4,74,0
5,0,0
5,1,0
5,2,0
5,3,0
5,4,0
5,5,0
5,6,1
5,7,1
5,8,1
5,9,1
5,10,1
5,11,1
5,12,1
5,13,1
5,14,0
5,15,0
5,16,0
5,17,0
5,18,0
5,19,1
5,20,1
5,21,1
5,22,1
5,23,1
5,24,1
5,25,1
5,26,1
5,27,1
5,28,1
5,29,1
5,30,1
5,31,1
5,32,1
5,33,1
5,34,1
5,35,1
5,36,1
5,37,1
5,38,1
5,39,1
5,40,1
5,41,1
5,42,1
5,43,1
5,44,0
5,45,0
5,46,0
5,47,0
5,48,0
5,49,0
5,50,0
5,51,0
5,52,0
5,53,0
5,54,0
5,55,0
5,56,0
5,57,1
5,58,1
5,59,1
5,60,1
5,61,1
5,62,1
5,63,1
5,64,1
5,65,1
5,66,0
5,67,0
5,68,0
5,69,0
5,70,0
5,71,0
5,72,0
5,73,0
5,74,0
6,0,0
6,1,0
6,2,0
6,3,0
6,4,0
6,5,0
6,6,1
6,7,1
6,8,1
6,9,1
6,10,1
6,11,1
6,12,1
6,13,1
6,14,0
6,15,0
6,16,0
6,17,0
6,18,0
6,19,0
6,20,1
6,21,1
6,22,1
6,23,1
6,24,1
6,25,1
6,26,1
6,27,1
6,28,1
6,29,1
6,30,1
6,31,1
6,32,1
6,33,1
6,34,1
6,35,0
6,36,0
6,37,1
6,38,1
6,39,1
6,40,1
6,41,1
6,42,1
6,43,1
6,44,1
6,45,0
6,46,0
6,47,0
6,48,0
6,49,0
6,50,0
6,51,0
6,52,0
6,53,0
6,54,0
6,55,0
6,56,0
6,57,1
6,58,1
6,59,1
6,60,1
6,61,1
6,62,1
6,63,1
6,64,1
6,65,1
6,66,1
6,67,0
6,68,0
6,69,0
6,70,0
6,71,0
6,72,0
6,73,0
6,74,0
7,0,0
7,1,0
7,2,0
7,3,0
7,4,0
7,5,0
7,6,0
7,7,1
7,8,1
7,9,1
7,10,1
7,11,1
7,12,1
7,13,1
7,14,0
7,15,0
7,16,0
7,17,0
7,18,0
7,19,0
7,20,0
7,21,1
7,22,1
7,23,1
7,24,1
7,25,1
7,26,1
7,27,1
7,28,1
7,29,1
7,30,1
7,31,1
7,32,1
7,33,1
7,34,0
7,35,0
7,36,0
7,37,0
7,38,1
7,39,1
7,40,1
7,41,1
7,42,1
7,43,1
7,44,1
7,45,0
7,46,0
7,47,0
7,48,0
7,49,0
7,50,0
7,51,0
7,52,0
7,53,0
7,54,0
7,55,0
7,56,0
7,57,1
7,58,1
7,59,1
7,60,1
7,61,0
7,62,0
7,63,1
7,64,1
7,65,1
7,66,1
7,67,0
7,68,0
7,69,0
7,70,0
7,71,0
7,72,0
7,73,0
7,74,0
8,0,0
8,1,0
8,2,0
8,3,0
8,4,0
8,5,0
8,6,1
8,7,1
8,8,1
8,9,1
8,10,1
8,11,1
8,12,1
8,13,0
8,14,0
8,15,0
8,16,0
8,17,0
8,18,0
8,19,0
8,20,0
8,21,1
8,22,1
8,23,1
8,24,1
8,25,1
8,26,1
8,27,1
8,28,1
8,29,1
8,30,1
8,31,1
8,32,1
8,33,1
8,34,0
8,35,0
8,36,0
8,37,0
8,38,0
8,39,1
8,40,1
8,41,1
8,42,1
8,43,1
8,44,0
8,45,0
8,46,0
8,47,0
8,48,0
8,49,0
8,50,0
8,51,0
8,52,0
8,53,0
8,54,0
8,55,0
8,56,0
8,57,0
8,58,1
8,59,1
8,60,0
8,61,0
8,62,0
8,63,1
8,64,1
8,65,1
8,66,1
8,67,1
8,68,0
8,69,0
8,70,0
8,71,0
8,72,0
8,73,0
8,74,0
9,0,0
9,1,0
9,2,0
9,3,0
9,4,0
9,5,0
9,6,1
9,7,1
9,8,1
9,9,1
9,10,1
9,11,1
9,12,1
9,13,0
9,14,0
9,15,0
9,16,1
9,17,1
9,18,1
9,19,1
9,20,1
9,21,1
9,22,1
9,23,1
9,24,1
9,25,1
9,26,1
9,27,1
9,28,1
9,29,1
9,30,1
9,31,1
9,32,1
9,33,0
9,34,0
9,35,0
9,36,0
9,37,0
9,38,0
9,39,1
9,40,1
9,41,1
9,42,1
9,43,0
9,44,0
9,45,0
9,46,0
9,47,0
9,48,0
9,49,0
9,50,0
9,51,0
9,52,0
9,53,0
9,54,0
9,55,0
9,56,0
9,57,0
9,58,0
9,59,0
9,60,0
9,61,0
9,62,0
9,63,1
9,64,1
9,65,1
9,66,1
9,67,1
9,68,0
9,69,0
9,70,0
9,71,1
9,72,1
9,73,0
9,74,0
10,0,0
10,1,0
10,2,0
10,3,0
10,4,0
10,5,0
10,6,1
10,7,1
10,8,1
10,9,1
10,10,1
10,11,1
10,12,1
10,13,1
10,14,1
10,15,1
10,16,1
10,17,1
10,18,1
10,19,1
10,20,1
10,21,1
10,22,1
10,23,1
10,24,1
10,25,1
10,26,1
10,27,1
10,28,1
10,29,1
10,30,1
10,31,1
10,32,1
10,33,0
10,34,0
10,35,0
10,36,0
10,37,0
10,38,0
10,39,0
10,40,1
10,41,1
10,42,1
10,43,0
10,44,0
10,45,0
10,46,0
10,47,0
10,48,0
10,49,0
10,50,0
10,51,0
10,52,0
10,53,1
10,54,1
10,55,0
10,56,0
10,57,0
10,58,0
10,59,0
10,60,0
10,61,0
10,62,0
10,63,1
10,64,1
10,65,1
10,66,1
10,67,0
10,68,0
10,69,0
10,70,1
10,71,1
10,72,1
10,73,1
10,74,0
11,0,0
11,1,0
11,2,0
11,3,0
11,4,0
11,5,1
11,6,1
11,7,1
11,8,1
11,9,1
11,10,1
11,11,1
11,12,1
11,13,1
11,14,1
11,15,1
11,16,1
11,17,1
11,18,1
11,19,1
11,20,1
11,21,0
11,22,0
11,23,0
11,24,0
11,25,0
11,26,0
11,27,1
11,28,1
11,29,1
11,30,1
11,31,1
11,32,0
11,33,0
11,34,0
11,35,0
11,36,0
11,37,0
11,38,0
11,39,0
11,40,1
11,41,1
11,42,1
11,43,1
11,44,1
11,45,0
11,46,0
11,47,0
11,48,0
11,49,0
11,50,0
11,51,0
11,52,1
11,53,1
11,54,1
11,55,1
11,56,0
11,57,0
11,58,0
11,59,0
11,60,0
11,61,0
11,62,0
11,63,0
11,64,1
11,65,1
11,66,1
11,67,0
11,68,0
11,69,0
11,70,1
11,71,1
11,72,1
11,73,1
11,74,0
12,0,0
12,1,0
12,2,0
12,3,0
12,4,0
12,5,1
12,6,1
12,7,1
12,8,1
12,9,1
12,10,1
12,11,1
12,12,1
12,13,1
12,14,1
12,15,1
12,16,1
12,17,1
12,18,1
12,19,1
12,20,1
12,21,0
12,22,0
12,23,0
12,24,0
12,25,0
12,26,1
12,27,1
12,28,1
12,29,1
12,30,0
12,31,0
12,32,0
12,33,0
12,34,0
12,35,0
12,36,0
12,37,0
12,38,0
12,39,1
12,40,1
12,41,1
12,42,1
12,43,1
12,44,1
12,45,1
12,46,1
12,47,0
12,48,0
12,49,0
12,50,0
12,51,0
12,52,1
12,53,1
12,54,1
12,55,1
12,56,0
12,57,0
12,58,0
12,59,0
12,60,0
12,61,0
12,62,0
12,63,0
12,64,1
12,65,1
12,66,1
12,67,1
12,68,0
12,69,0
12,70,1
12,71,1
12,72,1
12,73,1
12,74,0
13,0,0
13,1,0
13,2,0
13,3,0
13,4,0
13,5,1
13,6,1
13,7,1
13,8,1
13,9,1
13,10,1
13,11,1
13,12,1
13,13,1
13,14,1
13,15,1
13,16,1
13,17,1
13,18,1
13,19,1
13,20,1
13,21,1
13,22,0
13,23,0
13,24,0
13,25,1
13,26,1
13,27,1
13,28,1
13,29,1
13,30,0
13,31,0
13,32,0
13,33,0
13,34,0
13,35,0
13,36,0
13,37,0
13,38,0
13,39,1
13,40,1
13,41,1
13,42,1
13,43,1
13,44,1
13,45,1
13,46,1
13,47,1
13,48,0
13,49,0
13,50,0
13,51,0
13,52,1
13,53,1
13,54,1
13,55,1
13,56,1
13,57,0
13,58,0
13,59,0
13,60,0
13,61,0
13,62,0
13,63,1
13,64,1
13,65,1
13,66,1
13,67,1
13,68,1
13,69,1
13,70,1
13,71,1
13,72,1
13,73,1
13,74,0
14,0,0
14,1,0
14,2,0
14,3,0
14,4,0
14,5,1
14,6,1
14,7,1
14,8,1
14,9,1
14,10,1
14,11,1
14,12,1
14,13,1
14,14,1
14,15,1
14,16,1
14,17,1
14,18,1
14,19,1
14,20,1
14,21,1
14,22,1
14,23,1
14,24,1
14,25,1
14,26,1
14,27,1
14,28,1
14,29,0
14,30,0
14,31,0
14,32,0
14,33,0
14,34,0
14,35,0
14,36,0
14,37,0
14,38,0
14,39,1
14,40,1
14,41,1
14,42,1
14,43,0
14,44,0
14,45,1
14,46,1
14,47,1
14,48,0
14,49,0
14,50,0
14,51,0
14,52,0
14,53,1
14,54,1
14,55,1
14,56,1
14,57,0
14,58,0
14,59,0
14,60,0
14,61,0
14,62,1
14,63,1
14,64,1
14,65,1
14,66,1
14,67,1
14,68,1
14,69,1
14,70,1
14,71,1
14,72,1
14,73,1
14,74,1
15,0,0
15,1,0
15,2,0
15,3,0
15,4,1
15,5,1
15,6,1
15,7,1
15,8,0
15,9,0
15,10,1
15,11,1
15,12,1
15,13,1
15,14,1
15,15,1
15,16,1
15,17,1
15,18,1
15,19,1
15,20,1
15,21,1
15,22,1
15,23,1
15,24,1
15,25,1
15,26,1
15,27,1
15,28,0
15,29,0
15,30,0
15,31,0
15,32,0
15,33,0
15,34,0
15,35,0
15,36,0
15,37,0
15,38,1
15,39,1
15,40,1
15,41,1
15,42,1
15,43,0
15,44,0
15,45,1
15,46,1
15,47,1
15,48,0
15,49,0
15,50,0
15,51,0
15,52,0
15,53,0
15,54,1
15,55,1
15,56,1
15,57,1
15,58,0
15,59,0
15,60,0
15,61,1
15,62,1
15,63,1
15,64,1
15,65,1
15,66,1
15,67,1
15,68,1
15,69,1
15,70,1
15,71,1
15,72,1
15,73,1
15,74,1
16,0,0
16,1,0
16,2,0
16,3,1
16,4,1
16,5,1
16,6,1
16,7,1
16,8,0
16,9,0
16,10,0
16,11,0
16,12,1
16,13,1
16,14,1
16,15,1
16,16,1
16,17,1
16,18,1
16,19,1
16,20,1
16,21,1
16,22,1
16,23,1
16,24,1
16,25,1
16,26,1
16,27,1
16,28,0
16,29,0
16,30,0
16,31,0
16,32,0
16,33,1
16,34,1
16,35,1
16,36,1
16,37,1
16,38,1
16,39,1
16,40,1
16,41,1
16,42,1
16,43,0
16,44,0
16,45,0
16,46,1
16,47,1
16,48,1
16,49,0
16,50,0
16,51,0
16,52,0
16,53,0
16,54,1
16,55,1
16,56,1
16,57,1
16,58,1
16,59,1
16,60,1
16,61,1
16,62,1
16,63,1
16,64,1
16,65,1
16,66,1
16,67,1
16,68,1
16,69,1
16,70,1
16,71,1
16,72,1
16,73,1
16,74,1
17,0,0
17,1,0
17,2,0
17,3,1
17,4,1
17,5,1
17,6,1
17,7,1
17,8,0
17,9,0
17,10,0
17,11,0
17,12,0
17,13,0
17,14,1
17,15,1
17,16,1
17,17,1
17,18,1
17,19,1
17,20,1
17,21,1
17,22,1
17,23,1
17,24,1
17,25,1
17,26,1
17,27,0
17,28,0
17,29,0
17,30,0
17,31,0
17,32,1
17,33,1
17,34,1
17,35,1
17,36,1
17,37,1
17,38,1
17,39,1
17,40,1
17,41,1
17,42,0
17,43,0
17,44,0
17,45,0
17,46,1
17,47,1
17,48,1
17,49,1
17,50,0
17,51,0
17,52,0
17,53,0
17,54,1
17,55,1
17,56,1
17,57,1
17,58,1
17,59,1
17,60,1
17,61,1
17,62,1
17,63,1
17,64,1
17,65,1
17,66,1
17,67,1
17,68,1
17,69,1
17,70,1
17,71,1
17,72,1
17,73,1
17,74,1
18,0,0
18,1,0
18,2,1
18,3,1
18,4,1
18,5,1
18,6,1
18,7,1
18,8,1
18,9,0
18,10,0
18,11,0
18,12,0
18,13,0
18,14,1
18,15,1
18,16,1
18,17,1
18,18,1
18,19,1
18,20,1
18,21,1
18,22,1
18,23,1
18,24,1
18,25,1
18,26,1
18,27,0
18,28,0
18,29,0
18,30,0
18,31,0
18,32,1
18,33,1
18,34,1
18,35,1
18,36,1
18,37,1
18,38,1
18,39,1
18,40,1
18,41,0
18,42,0
18,43,0
18,44,0
18,45,0
18,46,1
18,47,1
18,48,1
18,49,1
18,50,1
18,51,0
18,52,0
18,53,0
18,54,1
18,55,1
18,56,1
18,57,1
18,58,1
18,59,1
18,60,1
18,61,1
18,62,1
18,63,1
18,64,1
18,65,1
18,66,1
18,67,1
18,68,1
18,69,1
18,70,1
18,71,1
18,72,1
18,73,1
18,74,1
19,0,0
19,1,0
19,2,1
19,3,1
19,4,1
19,5,1
19,6,1
19,7,1
19,8,1
19,9,0
19,10,0
19,11,0
19,12,0
19,13,0
19,14,1
19,15,1
19,16,1
19,17,1
19,18,1
19,19,1
19,20,1
19,21,1
19,22,1
19,23,1
19,24,1
19,25,1
19,26,1
19,27,1
19,28,0
19,29,0
19,30,0
19,31,0
19,32,1
19,33,1
19,34,1
19,35,1
19,36,1
19,37,1
19,38,1
19,39,1
19,40,1
19,41,1
19,42,0
19,43,0
19,44,0
19,45,1
19,46,1
19,47,1
19,48,1
19,49,1
19,50,1
19,51,0
19,52,0
19,53,1
19,54,1
19,55,1
19,56,0
19,57,0
19,58,1
19,59,1
19,60,1
19,61,1
19,62,1
19,63,1
19,64,1
19,65,1
19,66,1
19,67,0
19,68,0
19,69,0
19,70,1
19,71,1
19,72,1
19,73,1
19,74,1
20,0,0
20,1,0
20,2,0
20,3,1
20,4,1
20,5,1
20,6,1
20,7,1
20,8,1
20,9,1
20,10,1
20,11,0
20,12,1
20,13,1
20,14,1
20,15,1
20,16,1
20,17,1
20,18,1
20,19,0
20,20,0
20,21,1
20,22,1
20,23,1
20,24,1
20,25,1
20,26,1
20,27,1
20,28,1
20,29,0
20,30,0
20,31,1
20,32,1
20,33,1
20,34,1
20,35,1
20,36,1
20,37,1
20,38,1
20,39,1
20,40,1
20,41,1
20,42,1
20,43,0
20,44,1
20,45,1
20,46,1
20,47,1
20,48,1
20,49,1
20,50,1
20,51,1
20,52,1
20,53,1
20,54,1
20,55,1
20,56,0
20,57,0
20,58,1
20,59,1
20,60,1
20,61,1
20,62,1
20,63,1
20,64,1
20,65,1
20,66,0
20,67,0
20,68,0
20,69,0
20,70,0
20,71,1
20,72,1
20,73,1
20,74,0
21,0,0
21,1,0
21,2,0
21,3,0
21,4,1
21,5,1
21,6,1
21,7,1
21,8,1
21,9,1
21,10,1
21,11,1
21,12,1
21,13,1
21,14,1
21,15,1
21,16,1
21,17,1
21,18,0
21,19,0
21,20,0
21,21,0
21,22,1
21,23,1
21,24,1
21,25,1
21,26,1
21,27,1
21,28,1
21,29,1
21,30,1
21,31,1
21,32,1
21,33,1
21,34,1
21,35,1
21,36,1
21,37,1
21,38,1
21,39,1
21,40,1
21,41,1
21,42,1
21,43,1
21,44,1
21,45,1
21,46,1
21,47,1
21,48,1
21,49,1
21,50,1
21,51,1
21,52,1
21,53,1
21,54,1
21,55,1
21,56,1
21,57,0
21,58,0
21,59,1
21,60,1
21,61,1
21,62,1
21,63,1
21,64,1
21,65,1
21,66,0
21,67,0
21,68,0
21,69,0
21,70,0
21,71,1
21,72,1
21,73,1
21,74,0
22,0,0
22,1,0
22,2,0
22,3,0
22,4,0
22,5,1
22,6,1
22,7,1
22,8,1
22,9,1
22,10,1
22,11,1
22,12,1
22,13,1
22,14,1
22,15,1
22,16,1
22,17,0
22,18,0
22,19,0
22,20,0
22,21,0
22,22,0
22,23,1
22,24,1
22,25,1
22,26,1
22,27,1
22,28,1
22,29,1
22,30,1
22,31,1
22,32,1
22,33,1
22,34,1
22,35,1
22,36,1
22,37,1
22,38,1
22,39,1
22,40,1
22,41,1
22,42,1
22,43,1
22,44,1
22,45,1
22,46,1
22,47,1
22,48,1
22,49,1
22,50,0
22,51,0
22,52,1
22,53,1
22,54,1
22,55,1
22,56,1
22,57,0
22,58,0
22,59,1
22,60,1
22,61,1
22,62,1
22,63,1
22,64,1
22,65,1
22,66,1
22,67,0
22,68,0
22,69,0
22,70,0
22,71,1
22,72,1
22,73,1
22,74,1
23,0,0
23,1,0
23,2,0
23,3,0
23,4,0
23,5,1
23,6,1
23,7,1
23,8,1
23,9,1
23,10,1
23,11,1
23,12,1
23,13,1
23,14,1
23,15,1
23,16,1
23,17,0
23,18,0
23,19,0
23,20,0
23,21,0
23,22,0
23,23,0
23,24,1
23,25,1
23,26,1
23,27,1
23,28,1
23,29,1
23,30,1
23,31,1
23,32,1
23,33,1
23,34,1
23,35,1
23,36,1
23,37,1
23,38,1
23,39,1
23,40,1
23,41,1
23,42,1
23,43,1
23,44,1
23,45,1
23,46,1
23,47,1
23,48,1
23,49,1
23,50,0
23,51,0
23,52,1
23,53,1
23,54,1
23,55,1
23,56,1
23,57,1
23,58,1
23,59,1
23,60,1
23,61,1
23,62,1
23,63,1
23,64,1
23,65,1
23,66,1
23,67,1
23,68,0
23,69,0
23,70,0
23,71,0
23,72,1
23,73,1
23,74,1
24,0,0
24,1,1
24,2,1
24,3,0
24,4,1
24,5,1
24,6,1
24,7,1
24,8,1
24,9,1
24,10,1
24,11,1
24,12,1
24,13,1
24,14,1
24,15,1
24,16,1
24,17,0
24,18,0
24,19,0
24,20,0
24,21,0
24,22,0
24,23,0
24,24,0
24,25,0
24,26,1
24,27,1
24,28,1
24,29,1
24,30,1
24,31,1
24,32,1
24,33,1
24,34,1
24,35,1
24,36,1
24,37,1
24,38,1
24,39,1
24,40,1
24,41,1
24,42,1
24,43,1
24,44,1
24,45,0
24,46,0
24,47,1
24,48,1
24,49,1
24,50,1
24,51,1
24,52,1
24,53,1
24,54,1
24,55,1
24,56,1
24,57,1
24,58,1
24,59,1
24,60,1
24,61,1
24,62,1
24,63,1
24,64,1
24,65,1
24,66,1
24,67,1
24,68,0
24,69,0
24,70,0
24,71,0
24,72,1
24,73,1
24,74,1
25,0,1
25,1,1
25,2,1
25,3,1
25,4,1
25,5,1
25,6,1
25,7,1
25,8,1
25,9,1
25,10,1
25,11,1
25,12,1
25,13,1
25,14,1
25,15,1
25,16,1
25,17,0
25,18,0
25,19,0
25,20,0
25,21,0
25,22,0
25,23,0
25,24,0
25,25,0
25,26,1
25,27,1
25,28,1
25,29,1
25,30,1
25,31,1
25,32,1
25,33,1
25,34,0
25,35,0
25,36,0
25,37,1
25,38,1
25,39,1
25,40,1
25,41,1
25,42,1
25,43,1
25,44,1
25,45,0
25,46,0
25,47,0
25,48,1
25,49,1
25,50,1
25,51,1
25,52,1
25,53,1
25,54,1
25,55,1
25,56,1
25,57,1
25,58,1
25,59,1
25,60,1
25,61,1
25,62,0
25,63,0
25,64,1
25,65,1
25,66,1
25,67,1
25,68,1
25,69,0
25,70,0
25,71,1
25,72,1
25,73,1
25,74,1
26,0,1
26,1,1
26,2,1
26,3,1
26,4,1
26,5,1
26,6,1
26,7,1
26,8,1
26,9,1
26,10,1
26,11,1
26,12,1
26,13,1
26,14,1
26,15,1
26,16,1
26,17,0
26,18,0
26,19,0
26,20,0
26,21,0
26,22,0
26,23,0
26,24,0
26,25,0
26,26,1
26,27,1
26,28,1
26,29,0
26,30,0
26,31,1
26,32,1
26,33,1
26,34,0
26,35,0
26,36,0
26,37,0
26,38,1
26,39,1
26,40,1
26,41,1
26,42,1
26,43,1
26,44,1
26,45,0
26,46,0
26,47,0
26,48,0
26,49,0
26,50,0
26,51,1
26,52,1
26,53,1
26,54,1
26,55,1
26,56,1
26,57,1
26,58,1
26,59,1
26,60,1
26,61,1
26,62,0
26,63,0
26,64,0
26,65,1
26,66,1
26,67,1
26,68,1
26,69,1
26,70,1
26,71,1
26,72,1
26,73,1
26,74,1
27,0,1
27,1,1
27,2,1
27,3,1
27,4,1
27,5,1
27,6,1
27,7,1
27,8,1
27,9,1
27,10,1
27,11,1
27,12,1
27,13,1
27,14,1
27,15,1
27,16,1
27,17,0
27,18,0
27,19,0
27,20,0
27,21,0
27,22,0
27,23,0
27,24,0
27,25,1
27,26,1
27,27,1
27,28,1
27,29,0
27,30,0
27,31,0
27,32,0
27,33,0
27,34,0
27,35,0
27,36,0
27,37,0
27,38,0
27,39,0
27,40,1
27,41,1
27,42,1
27,43,1
27,44,1
27,45,0
27,46,0
27,47,0
27,48,0
27,49,0
27,50,0
27,51,0
27,52,0
27,53,0
27,54,0
27,55,1
27,56,1
27,57,1
27,58,1
27,59,1
27,60,1
27,61,1
27,62,0
27,63,0
27,64,0
27,65,1
27,66,1
27,67,1
27,68,1
27,69,1
27,70,1
27,71,1
27,72,1
27,73,1
27,74,1
28,0,1
28,1,1
28,2,1
28,3,1
28,4,1
28,5,1
28,6,1
28,7,1
28,8,1
28,9,1
28,10,1
28,11,1
28,12,1
28,13,1
28,14,1
28,15,1
28,16,0
28,17,0
28,18,0
28,19,0
28,20,0
28,21,0
28,22,0
28,23,0
28,24,0
28,25,1
28,26,1
28,27,1
28,28,1
28,29,1
28,30,0
28,31,0
28,32,0
28,33,0
28,34,0
28,35,0
28,36,0
28,37,0
28,38,0
28,39,0
28,40,1
28,41,1
28,42,1
28,43,1
28,44,0
28,45,0
28,46,0
28,47,0
28,48,0
28,49,0
28,50,0
28,51,0
28,52,0
28,53,0
28,54,0
28,55,1
28,56,1
28,57,1
28,58,1
28,59,1
28,60,1
28,61,1
28,62,1
28,63,0
28,64,0
28,65,1
28,66,1
28,67,1
28,68,1
28,69,1
28,70,1
28,71,1
28,72,1
28,73,1
28,74,1
29,0,1
29,1,1
29,2,1
29,3,1
29,4,1
29,5,1
29,6,1
29,7,1
29,8,1
29,9,1
29,10,1
29,11,1
29,12,1
29,13,1
29,14,1
29,15,1
29,16,0
29,17,0
29,18,0
29,19,0
29,20,0
29,21,0
29,22,0
29,23,0
29,24,0
29,25,1
29,26,1
29,27,1
29,28,1
29,29,1
29,30,0
29,31,0
29,32,0
29,33,0
29,34,0
29,35,0
29,36,0
29,37,0
29,38,0
29,39,0
29,40,0
29,41,1
29,42,1
29,43,0
29,44,0
29,45,0
29,46,0
29,47,0
29,48,0
29,49,0
29,50,0
29,51,0
29,52,0
29,53,0
29,54,0
29,55,0
29,56,1
29,57,1
29,58,1
29,59,1
29,60,1
29,61,1
29,62,1
29,63,1
29,64,1
29,65,1
29,66,1
29,67,1
29,68,1
29,69,1
29,70,1
29,71,1
29,72,1
29,73,1
29,74,0
30,0,0
30,1,1
30,2,1
30,3,1
30,4,1
30,5,1
30,6,1
30,7,1
30,8,1
30,9,1
30,10,1
30,11,1
30,12,1
30,13,1
30,14,1
30,15,1
30,16,0
30,17,0
30,18,0
30,19,0
30,20,0
30,21,0
30,22,0
30,23,0
30,24,0
30,25,0
30,26,1
30,27,1
30,28,1
30,29,0
30,30,0
30,31,0
30,32,0
30,33,0
30,34,0
30,35,0
30,36,0
30,37,0
30,38,0
30,39,0
30,40,0
30,41,0
30,42,0
30,43,0
30,44,0
30,45,0
30,46,0
30,47,0
30,48,0
30,49,0
30,50,0
30,51,0
30,52,0
30,53,0
30,54,0
30,55,0
30,56,1
30,57,1
30,58,1
30,59,1
30,60,1
30,61,1
30,62,1
30,63,1
30,64,1
30,65,1
30,66,1
30,67,1
30,68,1
30,69,1
30,70,1
30,71,1
30,72,1
30,73,1
30,74,0
31,0,0
31,1,0
31,2,0
31,3,1
31,4,1
31,5,1
31,6,1
31,7,1
31,8,1
31,9,1
31,10,1
31,11,1
31,12,1
31,13,1
31,14,1
31,15,1
31,16,1
31,17,0
31,18,0
31,19,0
31,20,0
31,21,0
31,22,0
31,23,0
31,24,0
31,25,0
31,26,0
31,27,1
31,28,0
31,29,0
31,30,0
31,31,0
31,32,0
31,33,0
31,34,0
31,35,0
31,36,0
31,37,0
31,38,1
31,39,1
31,40,0
31,41,0
31,42,0
31,43,0
31,44,0
31,45,0
31,46,0
31,47,0
31,48,0
31,49,0
31,50,0
31,51,0
31,52,0
31,53,0
31,54,0
31,55,1
31,56,1
31,57,1
31,58,1
31,59,1
31,60,1
31,61,1
31,62,1
31,63,1
31,64,1
31,65,1
31,66,1
31,67,1
31,68,1
31,69,1
31,70,1
31,71,1
31,72,1
31,73,1
31,74,0
32,0,0
32,1,0
32,2,0
32,3,0
32,4,1
32,5,1
32,6,1
32,7,1
32,8,1
32,9,1
32,10,1
32,11,1
32,12,1
32,13,1
32,14,1
32,15,1
32,16,1
32,17,1
32,18,0
32,19,0
32,20,0
32,21,0
32,22,0
32,23,0
32,24,0
32,25,0
32,26,0
32,27,0
32,28,0
32,29,0
32,30,0
32,31,0
32,32,0
32,33,0
32,34,0
32,35,0
32,36,0
32,37,1
32,38,1
32,39,1
32,40,1
32,41,0
32,42,0
32,43,0
32,44,0
32,45,0
32,46,0
32,47,0
32,48,1
32,49,1
32,50,0
32,51,0
32,52,0
32,53,0
32,54,0
32,55,1
32,56,1
32,57,1
32,58,1
32,59,1
32,60,1
32,61,1
32,62,1
32,63,1
32,64,1
32,65,1
32,66,1
32,67,1
32,68,1
32,69,1
32,70,1
32,71,1
32,72,1
32,73,1
32,74,0
33,0,0
33,1,0
33,2,0
33,3,0
33,4,0
33,5,1
33,6,1
33,7,1
33,8,1
33,9,1
33,10,1
33,11,1
33,12,1
33,13,1
33,14,1
33,15,1
33,16,1
33,17,1
33,18,0
33,19,0
33,20,0
33,21,0
33,22,0
33,23,0
33,24,0
33,25,0
33,26,0
33,27,0
33,28,0
33,29,0
33,30,0
33,31,0
33,32,0
33,33,0
33,34,0
33,35,0
33,36,1
33,37,1
33,38,1
33,39,1
33,40,1
33,41,0
33,42,0
33,43,0
33,44,0
33,45,0
33,46,0
33,47,1
33,48,1
33,49,1
33,50,1
33,51,0
33,52,0
33,53,0
33,54,0
33,55,0
33,56,1
33,57,1
33,58,1
33,59,1
33,60,1
33,61,1
33,62,1
33,63,1
33,64,1
33,65,1
33,66,1
33,67,1
33,68,1
33,69,1
33,70,1
33,71,1
33,72,1
33,73,1
33,74,0
34,0,0
34,1,0
34,2,0
34,3,0
34,4,0
34,5,0
34,6,0
34,7,0
34,8,1
34,9,1
34,10,1
34,11,1
34,12,1
34,13,0
34,14,0
34,15,1
34,16,1
34,17,0
34,18,0
34,19,0
34,20,0
34,21,0
34,22,0
34,23,0
34,24,0
34,25,0
34,26,0
34,27,0
34,28,0
34,29,0
34,30,0
34,31,0
34,32,0
34,33,0
34,34,0
34,35,1
34,36,1
34,37,1
34,38,1
34,39,1
34,40,1
34,41,1
34,42,1
34,43,0
34,44,0
34,45,0
34,46,0
34,47,1
34,48,1
34,49,1
34,50,1
34,51,0
34,52,0
34,53,0
34,54,0
34,55,0
34,56,1
34,57,1
34,58,1
34,59,1
34,60,1
34,61,1
34,62,1
34,63,1
34,64,1
34,65,1
34,66,1
34,67,1
34,68,1
34,69,1
34,70,1
34,71,1
34,72,1
34,73,0
34,74,0
35,0,0
35,1,0
35,2,0
35,3,0
35,4,0
35,5,0
35,6,0
35,7,0
35,8,1
35,9,1
35,10,1
35,11,1
35,12,1
35,13,0
35,14,0
35,15,0
35,16,0
35,17,0
35,18,0
35,19,0
35,20,0
35,21,0
35,22,0
35,23,0
35,24,0
35,25,0
35,26,0
35,27,0
35,28,0
35,29,0
35,30,0
35,31,0
35,32,0
35,33,0
35,34,1
35,35,1
35,36,1
35,37,1
35,38,1
35,39,1
35,40,1
35,41,1
35,42,1
35,43,1
35,44,0
35,45,0
35,46,1
35,47,1
35,48,1
35,49,1
35,50,0
35,51,0
35,52,0
35,53,0
35,54,0
35,55,0
35,56,1
35,57,1
35,58,1
35,59,1
35,60,1
35,61,1
35,62,1
35,63,1
35,64,1
35,65,1
35,66,1
35,67,1
35,68,1
35,69,1
35,70,1
35,71,1
35,72,0
35,73,0
35,74,0
36,0,0
36,1,0
36,2,0
36,3,0
36,4,0
36,5,0
36,6,0
36,7,0
36,8,1
36,9,1
36,10,1
36,11,1
36,12,1
36,13,0
36,14,0
36,15,0
36,16,0
36,17,0
36,18,0
36,19,0
36,20,0
36,21,0
36,22,0
36,23,0
36,24,0
36,25,0
36,26,0
36,27,0
36,28,0
36,29,0
36,30,0
36,31,0
36,32,0
36,33,0
36,34,1
36,35,1
36,36,1
36,37,1
36,38,1
36,39,1
36,40,1
36,41,1
36,42,1
36,43,1
36,44,1
36,45,1
36,46,1
36,47,1
36,48,1
36,49,1
36,50,0
36,51,0
36,52,0
36,53,0
36,54,0
36,55,1
36,56,1
36,57,1
36,58,1
36,59,1
36,60,1
36,61,1
36,62,1
36,63,1
36,64,1
36,65,1
36,66,1
36,67,1
36,68,1
36,69,1
36,70,1
36,71,0
36,72,0
36,73,0
36,74,0
37,0,0
37,1,0
37,2,0
37,3,0
37,4,0
37,5,0
37,6,0
37,7,0
37,8,0
37,9,1
37,10,1
37,11,1
37,12,1
37,13,1
37,14,0
37,15,0
37,16,0
37,17,0
37,18,0
37,19,0
37,20,0
37,21,0
37,22,0
37,23,0
37,24,0
37,25,0
37,26,0
37,27,0
37,28,0
37,29,0
37,30,0
37,31,0
37,32,0
37,33,0
37,34,0
37,35,1
37,36,1
37,37,1
37,38,1
37,39,1
37,40,1
37,41,1
37,42,1
37,43,1
37,44,1
37,45,1
37,46,1
37,47,1
37,48,1
37,49,1
37,50,0
37,51,0
37,52,0
37,53,0
37,54,0
37,55,1
37,56,1
37,57,1
37,58,1
37,59,1
37,60,1
37,61,0
37,62,0
37,63,0
37,64,1
37,65,1
37,66,1
37,67,1
37,68,1
37,69,1
37,70,0
37,71,0
37,72,0
37,73,0
37,74,0
38,0,0
38,1,0
38,2,0
38,3,0
38,4,0
38,5,0
38,6,0
38,7,0
38,8,0
38,9,0
38,10,1
38,11,1
38,12,1
38,13,1
38,14,1
38,15,0
38,16,0
38,17,0
38,18,0
38,19,0
38,20,0
38,21,0
38,22,0
38,23,0
38,24,0
38,25,0
38,26,0
38,27,0
38,28,0
38,29,0
38,30,0
38,31,0
38,32,0
38,33,0
38,34,0
38,35,0
38,36,1
38,37,1
38,38,1
38,39,1
38,40,1
38,41,1
38,42,1
38,43,1
38,44,1
38,45,1
38,46,1
38,47,1
38,48,1
38,49,0
38,50,0
38,51,0
38,52,0
38,53,0
38,54,0
38,55,1
38,56,1
38,57,1
38,58,1
38,59,1
38,60,0
38,61,0
38,62,0
38,63,0
38,64,1
38,65,1
38,66,1
38,67,1
38,68,1
38,69,1
38,70,0
38,71,0
38,72,0
38,73,0
38,74,0
39,0,0
39,1,0
39,2,0
39,3,0
39,4,0
39,5,0
39,6,0
39,7,0
39,8,0
39,9,1
39,10,1
39,11,1
39,12,1
39,13,1
39,14,1
39,15,0
39,16,0
39,17,0
39,18,0
39,19,0
39,20,0
39,21,0
39,22,0
39,23,0
39,24,0
39,25,0
39,26,0
39,27,0
39,28,0
39,29,0
39,30,0
39,31,0
39,32,0
39,33,0
39,34,0
39,35,0
39,36,0
39,37,0
39,38,0
39,39,0
39,40,0
39,41,1
39,42,1
39,43,1
39,44,1
39,45,1
39,46,1
39,47,1
39,48,0
39,49,0
39,50,0
39,51,0
39,52,0
39,53,0
39,54,0
39,55,0
39,56,1
39,57,1
39,58,1
39,59,1
39,60,0
39,61,0
39,62,0
39,63,0
39,64,0
39,65,1
39,66,1
39,67,1
39,68,1
39,69,1
39,70,0
39,71,0
39,72,0
39,73,0
39,74,0
40,0,0
40,1,0
40,2,0
40,3,0
40,4,0
40,5,0
40,6,0
40,7,1
40,8,1
40,9,1
40,10,1
40,11,1
40,12,1
40,13,1
40,14,1
40,15,0
40,16,0
40,17,0
40,18,1
40,19,1
40,20,1
40,21,0
40,22,0
40,23,0
40,24,0
40,25,0
40,26,0
40,27,0
40,28,0
40,29,0
40,30,0
40,31,0
40,32,0
40,33,0
40,34,0
40,35,0
40,36,0
40,37,0
40,38,0
40,39,0
40,40,0
40,41,0
40,42,1
40,43,1
40,44,1
40,45,1
40,46,1
40,47,1
40,48,0
40,49,0
40,50,0
40,51,0
40,52,0
40,53,0
40,54,0
40,55,0
40,56,0
40,57,0
40,58,1
40,59,1
40,60,1
40,61,0
40,62,0
40,63,0
40,64,0
40,65,0
40,66,1
40,67,1
40,68,1
40,69,0
40,70,0
40,71,0
40,72,0
40,73,0
40,74,0
41,0,0
41,1,0
41,2,0
41,3,0
41,4,0
41,5,0
41,6,1
41,7,1
41,8,1
41,9,1
41,10,1
41,11,1
41,12,1
41,13,1
41,14,1
41,15,1
41,16,1
41,17,1
41,18,1
41,19,1
41,20,1
41,21,1
41,22,0
41,23,0
41,24,0
41,25,0
41,26,0
41,27,0
41,28,0
41,29,0
41,30,0
41,31,0
41,32,1
41,33,1
41,34,1
41,35,0
41,36,0
41,37,0
41,38,0
41,39,0
41,40,0
41,41,0
41,42,0
41,43,1
41,44,1
41,45,1
41,46,1
41,47,1
41,48,0
41,49,0
41,50,0
41,51,0
41,52,0
41,53,0
41,54,0
41,55,0
41,56,0
41,57,0
41,58,1
41,59,1
41,60,1
41,61,1
41,62,0
41,63,0
41,64,0
41,65,1
41,66,1
41,67,0
41,68,0
41,69,0
41,70,0
41,71,0
41,72,0
41,73,0
41,74,0
42,0,0
42,1,0
42,2,0
42,3,0
42,4,0
42,5,1
42,6,1
42,7,1
42,8,1
42,9,1
42,10,1
42,11,1
42,12,1
42,13,1
42,14,1
42,15,1
42,16,1
42,17,1
42,18,1
42,19,1
42,20,1
42,21,1
42,22,1
42,23,0
42,24,0
42,25,0
42,26,0
42,27,0
42,28,0
42,29,0
42,30,0
42,31,1
42,32,1
42,33,1
42,34,1
42,35,1
42,36,1
42,37,1
42,38,1
42,39,0
42,40,0
42,41,0
42,42,0
42,43,1
42,44,1
42,45,1
42,46,1
42,47,1
42,48,1
42,49,0
42,50,0
42,51,0
42,52,0
42,53,0
42,54,0
42,55,0
42,56,0
42,57,1
42,58,1
42,59,1
42,60,1
42,61,1
42,62,1
42,63,1
42,64,1
42,65,1
42,66,1
42,67,0
42,68,0
42,69,0
42,70,0
42,71,0
42,72,0
42,73,0
42,74,0
43,0,0
43,1,0
43,2,0
43,3,0
43,4,1
43,5,1
43,6,1
43,7,1
43,8,1
43,9,1
43,10,1
43,11,1
43,12,1
43,13,1
43,14,1
43,15,1
43,16,1
43,17,1
43,18,1
43,19,1
43,20,1
43,21,1
43,22,1
43,23,0
43,24,0
43,25,0
43,26,0
43,27,0
43,28,0
43,29,1
43,30,1
43,31,1
43,32,1
43,33,1
43,34,1
43,35,1
43,36,1
43,37,1
43,38,1
43,39,1
43,40,0
43,41,0
43,42,0
43,43,1
43,44,1
43,45,1
43,46,1
43,47,1
43,48,1
43,49,1
43,50,1
43,51,0
43,52,0
43,53,0
43,54,0
43,55,0
43,56,1
43,57,1
43,58,1
43,59,1
43,60,1
43,61,1
43,62,1
43,63,1
43,64,1
43,65,1
43,66,1
43,67,1
43,68,0
43,69,0
43,70,0
43,71,0
43,72,0
43,73,0
43,74,0
44,0,0
44,1,0
44,2,1
44,3,1
44,4,1
44,5,1
44,6,1
44,7,1
44,8,1
44,9,1
44,10,1
44,11,1
44,12,1
44,13,1
44,14,1
44,15,1
44,16,1
44,17,1
44,18,1
44,19,1
44,20,1
44,21,1
44,22,1
44,23,0
44,24,0
44,25,0
44,26,0
44,27,0
44,28,1
44,29,1
44,30,1
44,31,1
44,32,1
44,33,1
44,34,1
44,35,1
44,36,1
44,37,1
44,38,1
44,39,1
44,40,0
44,41,0
44,42,0
44,43,0
44,44,1
44,45,1
44,46,1
44,47,1
44,48,1
44,49,1
44,50,1
44,51,1
44,52,0
44,53,1
44,54,1
44,55,1
44,56,1
44,57,1
44,58,1
44,59,1
44,60,1
44,61,1
44,62,1
44,63,1
44,64,1
44,65,1
44,66,1
44,67,1
44,68,0
44,69,0
44,70,0
44,71,0
44,72,0
44,73,0
44,74,0
45,0,0
45,1,1
45,2,1
45,3,1
45,4,1
45,5,1
45,6,1
45,7,1
45,8,1
45,9,1
45,10,1
45,11,1
45,12,1
45,13,1
45,14,1
45,15,1
45,16,1
45,17,1
45,18,1
45,19,1
45,20,1
45,21,1
45,22,1
45,23,0
45,24,0
45,25,0
45,26,0
45,27,1
45,28,1
45,29,1
45,30,1
45,31,1
45,32,1
45,33,1
45,34,1
45,35,1
45,36,1
45,37,1
45,38,1
45,39,0
45,40,0
45,41,0
45,42,0
45,43,0
45,44,0
45,45,1
45,46,1
45,47,1
45,48,1
45,49,1
45,50,1
45,51,1
45,52,1
45,53,1
45,54,1
45,55,1
45,56,1
45,57,1
45,58,1
45,59,1
45,60,1
45,61,1
45,62,1
45,63,1
45,64,1
45,65,1
45,66,1
45,67,1
45,68,0
45,69,0
45,70,1
45,71,1
45,72,0
45,73,0
45,74,0
46,0,0
46,1,1
46,2,1
46,3,1
46,4,0
46,5,0
46,6,1
46,7,1
46,8,1
46,9,1
46,10,1
46,11,1
46,12,1
46,13,1
46,14,1
46,15,1
46,16,1
46,17,1
46,18,1
46,19,1
46,20,1
46,21,1
46,22,1
46,23,1
46,24,0
46,25,0
46,26,1
46,27,1
46,28,1
46,29,1
46,30,1
46,31,1
46,32,1
46,33,1
46,34,1
46,35,1
46,36,1
46,37,1
46,38,0
46,39,0
46,40,0
46,41,0
46,42,0
46,43,0
46,44,0
46,45,0
46,46,0
46,47,1
46,48,1
46,49,1
46,50,1
46,51,1
46,52,1
46,53,1
46,54,1
46,55,1
46,56,1
46,57,1
46,58,1
46,59,1
46,60,1
46,61,1
46,62,1
46,63,1
46,64,0
46,65,1
46,66,1
46,67,1
46,68,1
46,69,1
46,70,1
46,71,1
46,72,1
46,73,0
46,74,0
47,0,0
47,1,1
47,2,1
47,3,0
47,4,0
47,5,0
47,6,0
47,7,0
47,8,1
47,9,1
47,10,1
47,11,1
47,12,1
47,13,1
47,14,1
47,15,1
47,16,1
47,17,1
47,18,1
47,19,1
47,20,1
47,21,1
47,22,1
47,23,1
47,24,1
47,25,1
47,26,1
47,27,1
47,28,1
47,29,1
47,30,1
47,31,1
47,32,1
47,33,1
47,34,1
47,35,1
47,36,1
47,37,1
47,38,0
47,39,0
47,40,0
47,41,0
47,42,0
47,43,0
47,44,0
47,45,0
47,46,0
47,47,0
47,48,1
47,49,1
47,50,1
47,51,1
47,52,1
47,53,1
47,54,1
47,55,1
47,56,1
47,57,1
47,58,1
47,59,1
47,60,1
47,61,1
47,62,1
47,63,0
47,64,0
47,65,0
47,66,1
47,67,1
47,68,1
47,69,1
47,70,1
47,71,1
47,72,1
47,73,0
47,74,0
48,0,0
48,1,1
48,2,1
48,3,0
48,4,0
48,5,0
48,6,0
48,7,0
48,8,1
48,9,1
48,10,1
48,11,1
48,12,1
48,13,1
48,14,1
48,15,1
48,16,1
48,17,1
48,18,1
48,19,1
48,20,1
48,21,1
48,22,1
48,23,1
48,24,1
48,25,1
48,26,1
48,27,1
48,28,1
48,29,1
48,30,1
48,31,1
48,32,0
48,33,0
48,34,0
48,35,1
48,36,1
48,37,1
48,38,0
48,39,0
48,40,0
48,41,0
48,42,0
48,43,0
48,44,0
48,45,0
48,46,0
48,47,0
48,48,0
48,49,1
48,50,1
48,51,1
48,52,1
48,53,1
48,54,1
48,55,1
48,56,1
48,57,1
48,58,1
48,59,1
48,60,1
48,61,1
48,62,1
48,63,1
48,64,0
48,65,0
48,66,0
48,67,0
48,68,0
48,69,1
48,70,1
48,71,1
48,72,1
48,73,0
48,74,0
49,0,0
49,1,1
49,2,1
49,3,0
49,4,0
49,5,0
49,6,0
49,7,0
49,8,0
49,9,1
49,10,1
49,11,1
49,12,1
49,13,1
49,14,1
49,15,1
49,16,1
49,17,1
49,18,1
49,19,1
49,20,1
49,21,1
49,22,1
49,23,1
49,24,1
49,25,1
49,26,1
49,27,0
49,28,0
49,29,1
49,30,1
49,31,0
49,32,0
49,33,0
49,34,0
49,35,1
49,36,1
49,37,1
49,38,1
49,39,0
49,40,0
49,41,0
49,42,0
49,43,0
49,44,0
49,45,0
49,46,0
49,47,0
49,48,0
49,49,1
49,50,1
49,51,1
49,52,1
49,53,1
49,54,1
49,55,1
49,56,1
49,57,1
49,58,1
49,59,1
49,60,1
49,61,1
49,62,1
49,63,1
49,64,0
49,65,0
49,66,0
49,67,0
49,68,0
49,69,0
49,70,1
49,71,1
49,72,1
49,73,0
49,74,0
50,0,0
50,1,1
50,2,1
50,3,1
50,4,0
50,5,0
50,6,0
50,7,0
50,8,0
50,9,1
50,10,1
50,11,1
50,12,1
50,13,1
50,14,1
50,15,1
50,16,1
50,17,1
50,18,1
50,19,1
50,20,1
50,21,1
50,22,1
50,23,1
50,24,1
50,25,0
50,26,0
50,27,0
50,28,0
50,29,0
50,30,0
50,31,0
50,32,0
50,33,0
50,34,0
50,35,0
50,36,1
50,37,1
50,38,1
50,39,1
50,40,0
50,41,0
50,42,0
50,43,0
50,44,0
50,45,0
50,46,0
50,47,0
50,48,1
50,49,1
50,50,1
50,51,0
50,52,0
50,53,1
50,54,1
50,55,1
50,56,1
50,57,1
50,58,1
50,59,1
50,60,1
50,61,1
50,62,1
50,63,1
50,64,0
50,65,0
50,66,0
50,67,0
50,68,0
50,69,0
50,70,1
50,71,1
50,72,1
50,73,0
50,74,0
51,0,0
51,1,1
51,2,1
51,3,1
51,4,0
51,5,0
51,6,0
51,7,0
51,8,0
51,9,0
51,10,1
51,11,1
51,12,1
51,13,1
51,14,1
51,15,1
51,16,1
51,17,1
51,18,1
51,19,1
51,20,1
51,21,0
51,22,0
51,23,0
51,24,0
51,25,0
51,26,0
51,27,0
51,28,0
51,29,0
51,30,0
51,31,0
51,32,0
51,33,0
51,34,0
51,35,0
51,36,1
51,37,1
51,38,1
51,39,1
51,40,0
51,41,0
51,42,0
51,43,0
51,44,0
51,45,0
51,46,0
51,47,1
51,48,1
51,49,1
51,50,1
51,51,0
51,52,0
51,53,1
51,54,1
51,55,1
51,56,1
51,57,1
51,58,1
51,59,1
51,60,1
51,61,1
51,62,1
51,63,0
51,64,0
51,65,0
51,66,0
51,67,0
51,68,0
51,69,1
51,70,1
51,71,1
51,72,1
51,73,1
51,74,0
52,0,0
52,1,1
52,2,1
52,3,1
52,4,1
52,5,0
52,6,0
52,7,0
52,8,0
52,9,0
52,10,1
52,11,1
52,12,1
52,13,1
52,14,1
52,15,1
52,16,1
52,17,1
52,18,1
52,19,1
52,20,0
52,21,0
52,22,0
52,23,0
52,24,0
52,25,0
52,26,0
52,27,0
52,28,0
52,29,0
52,30,0
52,31,0
52,32,0
52,33,0
52,34,0
52,35,0
52,36,1
52,37,1
52,38,1
52,39,1
52,40,1
52,41,0
52,42,0
52,43,0
52,44,0
52,45,0
52,46,0
52,47,1
52,48,1
52,49,1
52,50,1
52,51,0
52,52,0
52,53,0
52,54,1
52,55,1
52,56,1
52,57,1
52,58,1
52,59,1
52,60,1
52,61,1
52,62,0
52,63,0
52,64,0
52,65,0
52,66,0
52,67,0
52,68,1
52,69,1
52,70,1
52,71,1
52,72,1
52,73,1
52,74,0
53,0,0
53,1,1
53,2,1
53,3,1
53,4,1
53,5,0
53,6,0
53,7,0
53,8,0
53,9,0
53,10,0
53,11,1
53,12,1
53,13,1
53,14,1
53,15,1
53,16,1
53,17,1
53,18,1
53,19,0
53,20,0
53,21,0
53,22,0
53,23,0
53,24,0
53,25,0
53,26,0
53,27,0
53,28,0
53,29,0
53,30,0
53,31,0
53,32,0
53,33,0
53,34,0
53,35,0
53,36,0
53,37,1
53,38,1
53,39,1
53,40,1
53,41,0
53,42,0
53,43,0
53,44,0
53,45,0
53,46,0
53,47,1
53,48,1
53,49,1
53,50,0
53,51,0
53,52,0
53,53,0
53,54,0
53,55,1
53,56,1
53,57,1
53,58,1
53,59,0
53,60,0
53,61,0
53,62,0
53,63,0
53,64,0
53,65,0
53,66,0
53,67,0
53,68,1
53,69,1
53,70,1
53,71,1
53,72,1
53,73,1
53,74,0
54,0,1
54,1,1
54,2,1
54,3,1
54,4,1
54,5,0
54,6,0
54,7,0
54,8,0
54,9,0
54,10,0
54,11,0
54,12,0
54,13,1
54,14,1
54,15,1
54,16,1
54,17,1
54,18,1
54,19,1
54,20,0
54,21,0
54,22,0
54,23,0
54,24,0
54,25,0
54,26,0
54,27,0
54,28,0
54,29,0
54,30,0
54,31,0
54,32,0
54,33,0
54,34,0
54,35,0
54,36,0
54,37,1
54,38,1
54,39,1
54,40,1
54,41,0
54,42,0
54,43,0
54,44,0
54,45,0
54,46,0
54,47,0
54,48,1
54,49,1
54,50,1
54,51,0
54,52,0
54,53,0
54,54,0
54,55,1
54,56,1
54,57,1
54,58,1
54,59,0
54,60,0
54,61,0
54,62,0
54,63,0
54,64,0
54,65,0
54,66,0
54,67,0
54,68,0
54,69,1
54,70,1
54,71,1
54,72,1
54,73,0
54,74,0
55,0,1
55,1,1
55,2,1
55,3,1
55,4,1
55,5,1
55,6,0
55,7,0
55,8,0
55,9,0
55,10,0
55,11,0
55,12,0
55,13,0
55,14,0
55,15,0
55,16,1
55,17,1
55,18,1
55,19,1
55,20,0
55,21,0
55,22,0
55,23,0
55,24,0
55,25,0
55,26,0
55,27,0
55,28,0
55,29,0
55,30,0
55,31,0
55,32,0
55,33,0
55,34,0
55,35,0
55,36,0
55,37,1
55,38,1
55,39,1
55,40,1
55,41,1
55,42,0
55,43,0
55,44,0
55,45,0
55,46,0
55,47,0
55,48,1
55,49,1
55,50,1
55,51,1
55,52,1
55,53,1
55,54,1
55,55,1
55,56,1
55,57,1
55,58,1
55,59,0
55,60,0
55,61,0
55,62,0
55,63,0
55,64,1
55,65,1
55,66,1
55,67,0
55,68,0
55,69,1
55,70,1
55,71,1
55,72,0
55,73,0
55,74,0
56,0,0
56,1,1
56,2,1
56,3,1
56,4,1
56,5,1
56,6,0
56,7,0
56,8,0
56,9,1
56,10,1
56,11,0
56,12,0
56,13,0
56,14,0
56,15,0
56,16,0
56,17,1
56,18,1
56,19,1
56,20,0
56,21,0
56,22,1
56,23,1
56,24,1
56,25,0
56,26,0
56,27,0
56,28,0
56,29,0
56,30,0
56,31,0
56,32,0
56,33,0
56,34,0
56,35,0
56,36,0
56,37,0
56,38,1
56,39,1
56,40,1
56,41,1
56,42,1
56,43,1
56,44,0
56,45,0
56,46,0
56,47,0
56,48,1
56,49,1
56,50,1
56,51,1
56,52,1
56,53,1
56,54,1
56,55,1
56,56,1
56,57,1
56,58,0
56,59,0
56,60,0
56,61,0
56,62,0
56,63,1
56,64,1
56,65,1
56,66,1
56,67,1
56,68,1
56,69,1
56,70,1
56,71,0
56,72,0
56,73,0
56,74,0
57,0,0
57,1,1
57,2,1
57,3,1
57,4,1
57,5,1
57,6,1
57,7,1
57,8,1
57,9,1
57,10,1
57,11,1
57,12,1
57,13,0
57,14,0
57,15,0
57,16,0
57,17,0
57,18,1
57,19,1
57,20,1
57,21,1
57,22,1
57,23,1
57,24,1
57,25,1
57,26,0
57,27,0
57,28,0
57,29,0
57,30,0
57,31,0
57,32,0
57,33,0
57,34,0
57,35,0
57,36,0
57,37,0
57,38,1
57,39,1
57,40,1
57,41,1
57,42,1
57,43,1
57,44,1
57,45,0
57,46,0
57,47,0
57,48,0
57,49,1
57,50,1
57,51,1
57,52,1
57,53,1
57,54,1
57,55,1
57,56,1
57,57,1
57,58,0
57,59,0
57,60,0
57,61,0
57,62,0
57,63,1
57,64,1
57,65,1
57,66,1
57,67,1
57,68,1
57,69,1
57,70,1
57,71,0
57,72,0
57,73,0
57,74,0
58,0,1
58,1,1
58,2,1
58,3,1
58,4,1
58,5,1
58,6,1
58,7,1
58,8,1
58,9,1
58,10,1
58,11,1
58,12,1
58,13,1
58,14,0
58,15,0
58,16,0
58,17,1
58,18,1
58,19,1
58,20,1
58,21,1
58,22,1
58,23,1
58,24,1
58,25,1
58,26,0
58,27,0
58,28,0
58,29,0
58,30,0
58,31,0
58,32,0
58,33,0
58,34,0
58,35,0
58,36,0
58,37,1
58,38,1
58,39,1
58,40,1
58,41,1
58,42,1
58,43,1
58,44,1
58,45,0
58,46,0
58,47,0
58,48,1
58,49,1
58,50,1
58,51,1
58,52,1
58,53,0
58,54,0
58,55,1
58,56,1
58,57,1
58,58,0
58,59,0
58,60,0
58,61,0
58,62,0
58,63,0
58,64,1
58,65,1
58,66,1
58,67,1
58,68,1
58,69,1
58,70,0
58,71,0
58,72,0
58,73,0
58,74,0
59,0,1
59,1,1
59,2,1
59,3,1
59,4,1
59,5,1
59,6,1
59,7,1
59,8,1
59,9,1
59,10,1
59,11,1
59,12,1
59,13,1
59,14,0
59,15,0
59,16,0
59,17,1
59,18,1
59,19,1
59,20,1
59,21,1
59,22,1
59,23,1
59,24,1
59,25,1
59,26,0
59,27,0
59,28,0
59,29,0
59,30,0
59,31,0
59,32,0
59,33,0
59,34,0
59,35,0
59,36,1
59,37,1
59,38,1
59,39,1
59,40,1
59,41,1
59,42,1
59,43,1
59,44,1
59,45,1
59,46,1
59,47,1
59,48,1
59,49,1
59,50,1
59,51,1
59,52,1
59,53,0
59,54,0
59,55,0
59,56,1
59,57,1
59,58,1
59,59,0
59,60,0
59,61,0
59,62,0
59,63,0
59,64,1
59,65,1
59,66,1
59,67,1
59,68,1
59,69,1
59,70,0
59,71,0
59,72,0
59,73,0
59,74,0
60,0,0
60,1,1
60,2,1
60,3,1
60,4,1
60,5,1
60,6,0
60,7,0
60,8,0
60,9,1
60,10,1
60,11,1
60,12,1
60,13,1
60,14,0
60,15,0
60,16,0
60,17,0
60,18,1
60,19,1
60,20,1
60,21,1
60,22,1
60,23,1
60,24,1
60,25,1
60,26,0
60,27,0
60,28,0
60,29,0
60,30,0
60,31,0
60,32,0
60,33,0
60,34,0
60,35,0
60,36,1
60,37,1
60,38,1
60,39,1
60,40,1
60,41,1
60,42,1
60,43,1
60,44,1
60,45,1
60,46,1
60,47,1
60,48,1
60,49,1
60,50,1
60,51,1
60,52,0
60,53,0
60,54,0
60,55,0
60,56,1
60,57,1
60,58,1
60,59,1
60,60,0
60,61,0
60,62,0
60,63,0
60,64,1
60,65,1
60,66,1
60,67,1
60,68,1
60,69,1
60,70,1
60,71,1
60,72,1
60,73,0
60,74,0
61,0,0
61,1,1
61,2,1
61,3,1
61,4,1
61,5,0
61,6,0
61,7,0
61,8,0
61,9,0
61,10,0
61,11,1
61,12,1
61,13,1
61,14,1
61,15,0
61,16,0
61,17,0
61,18,1
61,19,1
61,20,1
61,21,1
61,22,1
61,23,1
61,24,1
61,25,1
61,26,1
61,27,0
61,28,0
61,29,0
61,30,0
61,31,0
61,32,0
61,33,0
61,34,0
61,35,0
61,36,0
61,37,1
61,38,1
61,39,1
61,40,1
61,41,1
61,42,1
61,43,1
61,44,1
61,45,1
61,46,1
61,47,1
61,48,1
61,49,1
61,50,1
61,51,0
61,52,0
61,53,0
61,54,0
61,55,1
61,56,1
61,57,1
61,58,1
61,59,1
61,60,1
61,61,0
61,62,0
61,63,0
61,64,1
61,65,1
61,66,1
61,67,1
61,68,1
61,69,1
61,70,1
61,71,1
61,72,1
61,73,1
61,74,0
62,0,0
62,1,0
62,2,1
62,3,1
62,4,1
62,5,0
62,6,0
62,7,0
62,8,0
62,9,0
62,10,0
62,11,0
62,12,1
62,13,1
62,14,1
62,15,1
62,16,0
62,17,0
62,18,1
62,19,1
62,20,1
62,21,1
62,22,1
62,23,1
62,24,1
62,25,1
62,26,1
62,27,0
62,28,0
62,29,0
62,30,0
62,31,0
62,32,0
62,33,0
62,34,0
62,35,0
62,36,0
62,37,0
62,38,0
62,39,1
62,40,1
62,41,1
62,42,1
62,43,1
62,44,1
62,45,1
62,46,1
62,47,1
62,48,1
62,49,0
62,50,0
62,51,0
62,52,0
62,53,0
62,54,0
62,55,1
62,56,1
62,57,1
62,58,1
62,59,1
62,60,1
62,61,1
62,62,0
62,63,0
62,64,1
62,65,1
62,66,1
62,67,1
62,68,1
62,69,1
62,70,1
62,71,1
62,72,1
62,73,1
62,74,0
63,0,0
63,1,0
63,2,0
63,3,1
63,4,1
63,5,1
63,6,0
63,7,0
63,8,0
63,9,0
63,10,0
63,11,0
63,12,0
63,13,1
63,14,1
63,15,1
63,16,0
63,17,0
63,18,1
63,19,1
63,20,1
63,21,1
63,22,1
63,23,1
63,24,1
63,25,1
63,26,1
63,27,0
63,28,0
63,29,1
63,30,1
63,31,0
63,32,0
63,33,0
63,34,0
63,35,0
63,36,0
63,37,0
63,38,0
63,39,0
63,40,1
63,41,1
63,42,1
63,43,1
63,44,1
63,45,1
63,46,0
63,47,0
63,48,0
63,49,0
63,50,0
63,51,0
63,52,0
63,53,0
63,54,0
63,55,1
63,56,1
63,57,1
63,58,1
63,59,1
63,60,1
63,61,1
63,62,0
63,63,0
63,64,0
63,65,1
63,66,1
63,67,0
63,68,0
63,69,1
63,70,1
63,71,1
63,72,1
63,73,1
63,74,0
64,0,0
64,1,0
64,2,0
64,3,0
64,4,1
64,5,1
64,6,1
64,7,0
64,8,0
64,9,0
64,10,0
64,11,0
64,12,0
64,13,1
64,14,1
64,15,1
64,16,0
64,17,0
64,18,0
64,19,1
64,20,1
64,21,1
64,22,1
64,23,1
64,24,1
64,25,1
64,26,1
64,27,1
64,28,1
64,29,1
64,30,1
64,31,1
64,32,1
64,33,0
64,34,0
64,35,0
64,36,0
64,37,0
64,38,0
64,39,0
64,40,1
64,41,1
64,42,1
64,43,1
64,44,0
64,45,0
64,46,0
64,47,0
64,48,0
64,49,0
64,50,0
64,51,0
64,52,0
64,53,0
64,54,0
64,55,0
64,56,1
64,57,1
64,58,1
64,59,1
64,60,1
64,61,0
64,62,0
64,63,0
64,64,0
64,65,0
64,66,0
64,67,0
64,68,0
64,69,1
64,70,1
64,71,1
64,72,1
64,73,1
64,74,0
65,0,0
65,1,0
65,2,0
65,3,0
65,4,1
65,5,1
65,6,1
65,7,0
65,8,0
65,9,0
65,10,0
65,11,0
65,12,1
65,13,1
65,14,1
65,15,1
65,16,0
65,17,0
65,18,0
65,19,1
65,20,1
65,21,1
65,22,1
65,23,1
65,24,1
65,25,1
65,26,1
65,27,1
65,28,1
65,29,1
65,30,1
65,31,1
65,32,1
65,33,1
65,34,1
65,35,0
65,36,0
65,37,0
65,38,0
65,39,0
65,40,1
65,41,1
65,42,1
65,43,1
65,44,0
65,45,0
65,46,0
65,47,0
65,48,0
65,49,0
65,50,0
65,51,0
65,52,0
65,53,0
65,54,0
65,55,0
65,56,0
65,57,1
65,58,1
65,59,1
65,60,0
65,61,0
65,62,0
65,63,0
65,64,0
65,65,0
65,66,0
65,67,0
65,68,0
65,69,0
65,70,1
65,71,1
65,72,1
65,73,1
65,74,0
66,0,0
66,1,0
66,2,0
66,3,1
66,4,1
66,5,1
66,6,1
66,7,0
66,8,0
66,9,0
66,10,0
66,11,0
66,12,1
66,13,1
66,14,1
66,15,0
66,16,0
66,17,0
66,18,0
66,19,0
66,20,1
66,21,1
66,22,0
66,23,0
66,24,0
66,25,0
66,26,1
66,27,1
66,28,1
66,29,1
66,30,1
66,31,1
66,32,1
66,33,1
66,34,1
66,35,1
66,36,1
66,37,0
66,38,0
66,39,1
66,40,1
66,41,1
66,42,1
66,43,1
66,44,1
66,45,0
66,46,0
66,47,0
66,48,0
66,49,0
66,50,1
66,51,1
66,52,0
66,53,0
66,54,0
66,55,0
66,56,0
66,57,0
66,58,0
66,59,0
66,60,0
66,61,0
66,62,0
66,63,0
66,64,0
66,65,0
66,66,0
66,67,0
66,68,0
66,69,0
66,70,0
66,71,1
66,72,1
66,73,1
66,74,0
67,0,0
67,1,0
67,2,1
67,3,1
67,4,1
67,5,1
67,6,0
67,7,0
67,8,0
67,9,0
67,10,0
67,11,0
67,12,1
67,13,1
67,14,0
67,15,0
67,16,0
67,17,0
67,18,0
67,19,0
67,20,1
67,21,1
67,22,0
67,23,0
67,24,0
67,25,0
67,26,0
67,27,0
67,28,0
67,29,1
67,30,1
67,31,1
67,32,1
67,33,1
67,34,1
67,35,1
67,36,1
67,37,1
67,38,1
67,39,1
67,40,1
67,41,1
67,42,1
67,43,1
67,44,1
67,45,0
67,46,0
67,47,0
67,48,0
67,49,1
67,50,1
67,51,1
67,52,1
67,53,0
67,54,0
67,55,0
67,56,0
67,57,0
67,58,0
67,59,0
67,60,0
67,61,0
67,62,0
67,63,0
67,64,0
67,65,0
67,66,0
67,67,0
67,68,0
67,69,0
67,70,0
67,71,1
67,72,1
67,73,0
67,74,0
68,0,0
68,1,0
68,2,1
68,3,1
68,4,1
68,5,1
68,6,0
68,7,0
68,8,0
68,9,0
68,10,0
68,11,1
68,12,1
68,13,1
68,14,0
68,15,0
68,16,0
68,17,0
68,18,0
68,19,1
68,20,1
68,21,1
68,22,1
68,23,0
68,24,0
68,25,0
68,26,0
68,27,0
68,28,0
68,29,0
68,30,0
68,31,1
68,32,1
68,33,1
68,34,1
68,35,1
68,36,1
68,37,1
68,38,1
68,39,1
68,40,1
68,41,1
68,42,1
68,43,1
68,44,1
68,45,1
68,46,0
68,47,0
68,48,1
68,49,1
68,50,1
68,51,1
68,52,1
68,53,1
68,54,1
68,55,1
68,56,1
68,57,0
68,58,0
68,59,0
68,60,0
68,61,0
68,62,0
68,63,0
68,64,0
68,65,0
68,66,0
68,67,1
68,68,1
68,69,1
68,70,1
68,71,1
68,72,1
68,73,0
68,74,0
69,0,0
69,1,0
69,2,1
69,3,1
69,4,1
69,5,1
69,6,0
69,7,0
69,8,0
69,9,0
69,10,0
69,11,1
69,12,1
69,13,1
69,14,1
69,15,1
69,16,1
69,17,0
69,18,1
69,19,1
69,20,1
69,21,1
69,22,1
69,23,1
69,24,0
69,25,0
69,26,0
69,27,0
69,28,0
69,29,0
69,30,0
69,31,0
69,32,1
69,33,1
69,34,1
69,35,1
69,36,1
69,37,1
69,38,1
69,39,0
69,40,0
69,41,1
69,42,1
69,43,1
69,44,1
69,45,1
69,46,1
69,47,1
69,48,1
69,49,1
69,50,1
69,51,1
69,52,1
69,53,1
69,54,1
69,55,1
69,56,1
69,57,1
69,58,1
69,59,1
69,60,1
69,61,1
69,62,0
69,63,0
69,64,0
69,65,1
69,66,1
69,67,1
69,68,1
69,69,1
69,70,1
69,71,1
69,72,1
69,73,1
69,74,0
70,0,0
70,1,0
70,2,0
70,3,1
70,4,1
70,5,1
70,6,1
70,7,0
70,8,0
70,9,0
70,10,1
70,11,1
70,12,1
70,13,1
70,14,1
70,15,1
70,16,1
70,17,1
70,18,1
70,19,1
70,20,1
70,21,1
70,22,1
70,23,1
70,24,0
70,25,0
70,26,0
70,27,0
70,28,0
70,29,0
70,30,0
70,31,1
70,32,1
70,33,1
70,34,1
70,35,1
70,36,1
70,37,1
70,38,0
70,39,0
70,40,0
70,41,0
70,42,1
70,43,1
70,44,1
70,45,1
70,46,1
70,47,1
70,48,1
70,49,1
70,50,1
70,51,1
70,52,1
70,53,1
70,54,1
70,55,1
70,56,1
70,57,1
70,58,1
70,59,1
70,60,1
70,61,1
70,62,1
70,63,1
70,64,1
70,65,1
70,66,1
70,67,1
70,68,1
70,69,1
70,70,1
70,71,1
70,72,1
70,73,1
70,74,0
71,0,0
71,1,0
71,2,0
71,3,0
71,4,1
71,5,1
71,6,1
71,7,1
71,8,1
71,9,1
71,10,1
71,11,1
71,12,1
71,13,1
71,14,1
71,15,1
71,16,1
71,17,1
71,18,1
71,19,1
71,20,1
71,21,1
71,22,1
71,23,1
71,24,0
71,25,0
71,26,0
71,27,0
71,28,0
71,29,0
71,30,0
71,31,1
71,32,1
71,33,1
71,34,1
71,35,1
71,36,1
71,37,0
71,38,0
71,39,0
71,40,0
71,41,0
71,42,1
71,43,1
71,44,1
71,45,1
71,46,1
71,47,1
71,48,1
71,49,1
71,50,1
71,51,1
71,52,0
71,53,0
71,54,1
71,55,1
71,56,1
71,57,1
71,58,1
71,59,1
71,60,1
71,61,1
71,62,1
71,63,1
71,64,1
71,65,1
71,66,1
71,67,1
71,68,1
71,69,1
71,70,1
71,71,1
71,72,1
71,73,0
71,74,0
72,0,0
72,1,0
72,2,0
72,3,0
72,4,0
72,5,1
72,6,1
72,7,1
72,8,1
72,9,1
72,10,1
72,11,1
72,12,1
72,13,0
72,14,0
72,15,0
72,16,0
72,17,1
72,18,1
72,19,1
72,20,1
72,21,1
72,22,1
72,23,0
72,24,0
72,25,0
72,26,0
72,27,0
72,28,0
72,29,0
72,30,0
72,31,0
72,32,1
72,33,1
72,34,1
72,35,1
72,36,0
72,37,0
72,38,0
72,39,0
72,40,0
72,41,0
72,42,0
72,43,1
72,44,1
72,45,1
72,46,1
72,47,1
72,48,1
72,49,1
72,50,0
72,51,0
72,52,0
72,53,0
72,54,0
72,55,1
72,56,1
72,57,1
72,58,1
72,59,1
72,60,1
72,61,1
72,62,1
72,63,1
72,64,1
72,65,0
72,66,0
72,67,1
72,68,1
72,69,1
72,70,1
72,71,1
72,72,1
72,73,0
72,74,0
73,0,0
73,1,0
73,2,0
73,3,0
73,4,0
73,5,0
73,6,0
73,7,1
73,8,1
73,9,1
73,10,1
73,11,0
73,12,0
73,13,0
73,14,0
73,15,0
73,16,0
73,17,0
73,18,0
73,19,1
73,20,1
73,21,1
73,22,0
73,23,0
73,24,0
73,25,0
73,26,0
73,27,0
73,28,0
73,29,0
73,30,0
73,31,0
73,32,1
73,33,1
73,34,1
73,35,1
73,36,0
73,37,0
73,38,0
73,39,0
73,40,0
73,41,0
73,42,0
73,43,0
73,44,1
73,45,1
73,46,1
73,47,1
73,48,1
73,49,1
73,50,0
73,51,0
73,52,0
73,53,0
73,54,0
73,55,0
73,56,1
73,57,1
73,58,1
73,59,0
73,60,0
73,61,0
73,62,0
73,63,0
73,64,0
73,65,0
73,66,0
73,67,0
73,68,0
73,69,1
73,70,1
73,71,1
73,72,0
73,73,0
73,74,0
74,0,0
74,1,0
74,2,0
74,3,0
74,4,0
74,5,0
74,6,0
74,7,0
74,8,0
74,9,0
74,10,0
74,11,0
74,12,0
74,13,0
74,14,0
74,15,0
74,16,0
74,17,0
74,18,0
74,19,0
74,20,0
74,21,0
74,22,0
74,23,0
74,24,0
74,25,0
74,26,0
74,27,0
74,28,0
74,29,0
74,30,0
74,31,0
74,32,0
74,33,1
74,34,1
74,35,0
74,36,0
74,37,0
74,38,0
74,39,0
74,40,0
74,41,0
74,42,0
74,43,0
74,44,0
74,45,0
74,46,0
74,47,1
74,48,1
74,49,0
74,50,0
74,51,0
74,52,0
74,53,0
74,54,0
74,55,0
74,56,0
74,57,0
74,58,0
74,59,0
74,60,0
74,61,0
74,62,0
74,63,0
74,64,0
74,65,0
74,66,0
74,67,0
74,68,0
74,69,0
74,70,0
74,71,0
74,72,0
74,73,0
74,74,0
