0,0,0
0,1,0
0,2,0
0,3,0
0,4,0
0,5,0
0,6,0
0,7,0
0,8,0
0,9,0
0,10,0
0,11,1
0,12,1
0,13,1
0,14,0
0,15,0
0,16,0
0,17,0
0,18,0
0,19,0
0,20,0
0,21,0
0,22,0
0,23,0
0,24,0
0,25,0
0,26,0
0,27,0
0,28,0
0,29,0
0,30,0
0,31,0
0,32,0
0,33,0
0,34,0
0,35,0
0,36,0
0,37,0
0,38,0
0,39,0
0,40,0
0,41,0
0,42,0
0,43,0
0,44,0
0,45,0
0,46,0
0,47,0
0,48,0
0,49,0
0,50,0
0,51,0
0,52,0
0,53,0
0,54,0
0,55,0
0,56,0
0,57,0
0,58,0
0,59,0
0,60,0
0,61,0
0,62,0
0,63,0
0,64,0
0,65,0
0,66,0
0,67,0
0,68,0
0,69,0
0,70,0
0,71,0
0,72,0
0,73,0
0,74,0
1,0,0
1,1,0
1,2,0
1,3,0
1,4,0
1,5,0
1,6,0
1,7,0
1,8,0
1,9,0
1,10,1
1,11,1
1,12,1
1,13,1
1,14,1
1,15,0
1,16,0
1,17,0
1,18,0
1,19,0
1,20,0
1,21,0
1,22,0
1,23,0
1,24,0
1,25,0
1,26,0
1,27,0
1,28,0
1,29,0
1,30,0
1,31,0
1,32,0
1,33,0
1,34,0
1,35,0
1,36,0
1,37,0
1,38,0
1,39,0
1,40,0
1,41,0
1,42,0
1,43,0
1,44,0
1,45,0
1,46,0
1,47,0
1,48,0
1,49,0
1,50,0
1,51,0
1,52,0
1,53,0
1,54,0
1,55,0
1,56,0
1,57,0
1,58,0
1,59,0
1,60,0
1,61,0
1,62,0
1,63,0
1,64,0
1,65,0
1,66,0
1,67,0
1,68,0
1,69,0
1,70,0
1,71,0
1,72,0
1,73,0
1,74,0
2,0,0
2,1,0
2,2,0
2,3,0
2,4,0
2,5,0
2,6,0
2,7,0
2,8,0
2,9,0
2,10,1
2,11,1
2,12,1
2,13,1
2,14,1
2,15,0
2,16,0
2,17,0
2,18,0
2,19,0
2,20,0
2,21,0
2,22,0
2,23,0
2,24,0
2,25,0
2,26,0
2,27,0
2,28,0
2,29,0
2,30,0
2,31,0
2,32,0
2,33,0
2,34,0
2,35,0
2,36,0
2,37,0
2,38,0
2,39,0
2,40,0
2,41,0
2,42,0
2,43,0
2,44,0
2,45,0
2,46,0
2,47,0
2,48,0
2,49,0
2,50,0
2,51,0
2,52,0
2,53,0
2,54,0
2,55,0
2,56,0
2,57,0
2,58,0
2,59,0
2,60,0
2,61,0
2,62,0
2,63,0
2,64,1
2,65,1
2,66,0
2,67,0
2,68,1
2,69,1
2,70,0
2,71,0
2,72,0
2,73,0
2,74,0
3,0,0
3,1,0
3,2,0
3,3,0
3,4,0
3,5,0
3,6,0
3,7,0
3,8,0
3,9,0
3,10,1
3,11,1
3,12,1
3,13,1
3,14,1
3,15,0
3,16,0
3,17,0
3,18,0
3,19,0
3,20,0
3,21,0
3,22,0
3,23,0
3,24,0
3,25,0
3,26,0
3,27,0
3,28,0
3,29,0
3,30,0
3,31,0
3,32,0
3,33,1
3,34,1
3,35,1
3,36,1
3,37,0
3,38,0
3,39,0
3,40,0
3,41,0
3,42,0
3,43,0
3,44,0
3,45,0
3,46,0
3,47,0
3,48,0
3,49,0
3,50,0
3,51,0
3,52,0
3,53,0
3,54,0
3,55,0
3,56,0
3,57,0
3,58,0
3,59,0
3,60,0
3,61,0
3,62,0
3,63,1
3,64,1
3,65,1
3,66,1
3,67,1
3,68,1
3,69,1
3,70,1
3,71,0
3,72,0
3,73,0
3,74,0
4,0,0
4,1,0
4,2,0
4,3,0
4,4,0
4,5,0
4,6,0
4,7,0
4,8,0
4,9,0
4,10,1
4,11,1
4,12,1
4,13,1
4,14,1
4,15,0
4,16,0
4,17,0
4,18,0
4,19,0
4,20,0
4,21,0
4,22,0
4,23,0
4,24,0
4,25,0
4,26,0
4,27,0
4,28,0
4,29,0
4,30,0
4,31,0
4,32,1
4,33,1
4,34,1
4,35,1
4,36,1
4,37,1
4,38,0
4,39,0
4,40,0
4,41,0
4,42,0
4,43,0
4,44,0
4,45,0
4,46,0
4,47,1
4,48,1
4,49,1
4,50,1
4,51,0
4,52,0
4,53,0
4,54,0
4,55,0
4,56,0
4,57,0
4,58,0
4,59,0
4,60,0
4,61,0
4,62,1
4,63,1
4,64,1
4,65,1
4,66,1
4,67,1
4,68,1
4,69,1
4,70,1
4,71,1
4,72,0
4,73,0
4,74,0
5,0,0
5,1,0
5,2,0
5,3,0
5,4,0
5,5,0
5,6,0
5,7,0
5,8,0
5,9,0
5,10,0
5,11,1
5,12,1
5,13,1
5,14,1
5,15,1
5,16,0
5,17,0
5,18,0
5,19,0
5,20,0
5,21,0
5,22,0
5,23,0
5,24,0
5,25,0
5,26,0
5,27,0
5,28,0
5,29,0
5,30,0
5,31,0
5,32,1
5,33,1
5,34,1
5,35,1
5,36,1
5,37,1
5,38,1
5,39,0
5,40,0
5,41,0
5,42,0
5,43,0
5,44,0
5,45,1
5,46,1
5,47,1
5,48,1
5,49,1
5,50,1
5,51,1
5,52,0
5,53,0
5,54,0
5,55,0
5,56,0
5,57,0
5,58,0
5,59,0
5,60,0
5,61,0
5,62,1
5,63,1
5,64,1
5,65,1
5,66,1
5,67,1
5,68,1
5,69,1
5,70,1
5,71,1
5,72,1
5,73,0
5,74,0
6,0,0
6,1,0
6,2,0
6,3,0
6,4,0
6,5,0
6,6,0
6,7,0
6,8,0
6,9,0
6,10,0
6,11,0
6,12,1
6,13,1
6,14,1
6,15,1
6,16,0
6,17,0
6,18,0
6,19,0
6,20,0
6,21,0
6,22,0
6,23,0
6,24,0
6,25,0
6,26,0
6,27,0
6,28,0
6,29,0
6,30,0
6,31,1
6,32,1
6,33,1
6,34,1
6,35,1
6,36,1
6,37,1
6,38,1
6,39,1
6,40,0
6,41,0
6,42,0
6,43,0
6,44,1
6,45,1
6,46,1
6,47,1
6,48,1
6,49,1
6,50,1
6,51,1
6,52,1
6,53,1
6,54,0
6,55,0
6,56,0
6,57,0
6,58,0
6,59,0
6,60,0
6,61,0
6,62,0
6,63,1
6,64,1
6,65,1
6,66,1
6,67,1
6,68,1
6,69,1
6,70,1
6,71,1
6,72,1
6,73,1
6,74,0
7,0,0
7,1,0
7,2,0
7,3,0
7,4,0
7,5,0
7,6,0
7,7,0
7,8,0
7,9,0
7,10,0
7,11,0
7,12,0
7,13,1
7,14,1
7,15,1
7,16,0
7,17,0
7,18,0
7,19,0
7,20,0
7,21,0
7,22,1
7,23,1
7,24,0
7,25,0
7,26,0
7,27,0
7,28,0
7,29,0
7,30,1
7,31,1
7,32,1
7,33,1
7,34,1
7,35,1
7,36,1
7,37,1
7,38,1
7,39,1
7,40,0
7,41,0
7,42,0
7,43,1
7,44,1
7,45,1
7,46,1
7,47,1
7,48,1
7,49,1
7,50,0
7,51,0
7,52,1
7,53,1
7,54,1
7,55,0
7,56,0
7,57,0
7,58,0
7,59,0
7,60,0
7,61,0
7,62,0
7,63,0
7,64,1
7,65,1
7,66,1
7,67,1
7,68,1
7,69,1
7,70,1
7,71,1
7,72,1
7,73,1
7,74,1
8,0,0
8,1,0
8,2,0
8,3,0
8,4,0
8,5,0
8,6,0
8,7,0
8,8,0
8,9,0
8,10,0
8,11,0
8,12,0
8,13,1
8,14,1
8,15,1
8,16,1
8,17,0
8,18,0
8,19,0
8,20,0
8,21,1
8,22,1
8,23,1
8,24,1
8,25,0
8,26,0
8,27,0
8,28,1
8,29,1
8,30,1
8,31,1
8,32,1
8,33,1
8,34,1
8,35,1
8,36,1
8,37,1
8,38,1
8,39,0
8,40,0
8,41,0
8,42,0
8,43,1
8,44,1
8,45,1
8,46,1
8,47,1
8,48,1
8,49,1
8,50,0
8,51,0
8,52,1
8,53,1
8,54,1
8,55,1
8,56,0
8,57,0
8,58,0
8,59,0
8,60,0
8,61,0
8,62,0
8,63,0
8,64,0
8,65,1
8,66,1
8,67,1
8,68,1
8,69,0
8,70,1
8,71,1
8,72,1
8,73,1
8,74,1
9,0,0
9,1,0
9,2,0
9,3,0
9,4,0
9,5,0
9,6,0
9,7,0
9,8,0
9,9,0
9,10,0
9,11,0
9,12,0
9,13,1
9,14,1
9,15,1
9,16,1
9,17,0
9,18,0
9,19,0
9,20,0
9,21,1
9,22,1
9,23,1
9,24,1
9,25,1
9,26,1
9,27,1
9,28,1
9,29,1
9,30,1
9,31,1
9,32,1
9,33,1
9,34,1
9,35,1
9,36,1
9,37,1
9,38,1
9,39,0
9,40,0
9,41,0
9,42,0
9,43,0
9,44,1
9,45,1
9,46,1
9,47,1
9,48,1
9,49,1
9,50,0
9,51,0
9,52,0
9,53,1
9,54,1
9,55,1
9,56,0
9,57,0
9,58,0
9,59,0
9,60,0
9,61,0
9,62,0
9,63,0
9,64,1
9,65,1
9,66,1
9,67,1
9,68,0
9,69,0
9,70,0
9,71,1
9,72,1
9,73,1
9,74,0
10,0,0
10,1,0
10,2,0
10,3,0
10,4,0
10,5,0
10,6,0
10,7,0
10,8,0
10,9,0
10,10,0
10,11,0
10,12,0
10,13,0
10,14,1
10,15,1
10,16,1
10,17,1
10,18,0
10,19,0
10,20,1
10,21,1
10,22,1
10,23,1
10,24,1
10,25,1
10,26,1
10,27,1
10,28,1
10,29,1
10,30,1
10,31,1
10,32,1
10,33,1
10,34,1
10,35,1
10,36,1
10,37,1
10,38,1
10,39,0
10,40,0
10,41,0
10,42,0
10,43,0
10,44,0
10,45,1
10,46,1
10,47,1
10,48,1
10,49,1
10,50,1
10,51,0
10,52,1
10,53,1
10,54,1
10,55,1
10,56,0
10,57,0
10,58,0
10,59,0
10,60,0
10,61,0
10,62,0
10,63,1
10,64,1
10,65,1
10,66,1
10,67,1
10,68,0
10,69,0
10,70,0
10,71,0
10,72,0
10,73,0
10,74,0
11,0,0
11,1,0
11,2,0
11,3,0
11,4,0
11,5,0
11,6,0
11,7,0
11,8,0
11,9,0
11,10,0
11,11,0
11,12,0
11,13,0
11,14,1
11,15,1
11,16,1
11,17,1
11,18,1
11,19,1
11,20,1
11,21,1
11,22,1
11,23,1
11,24,1
11,25,1
11,26,1
11,27,1
11,28,1
11,29,1
11,30,1
11,31,1
11,32,1
11,33,1
11,34,1
11,35,1
11,36,1
11,37,1
11,38,1
11,39,1
11,40,0
11,41,0
11,42,0
11,43,0
11,44,1
11,45,1
11,46,1
11,47,1
11,48,1
11,49,1
11,50,1
11,51,1
11,52,1
11,53,1
11,54,1
11,55,1
11,56,1
11,57,1
11,58,0
11,59,0
11,60,0
11,61,1
11,62,1
11,63,1
11,64,1
11,65,1
11,66,1
11,67,0
11,68,0
11,69,0
11,70,0
11,71,0
11,72,0
11,73,0
11,74,0
12,0,0
12,1,0
12,2,0
12,3,0
12,4,0
12,5,0
12,6,0
12,7,0
12,8,0
12,9,0
12,10,0
12,11,0
12,12,0
12,13,0
12,14,0
12,15,1
12,16,1
12,17,1
12,18,1
12,19,1
12,20,1
12,21,1
12,22,1
12,23,1
12,24,1
12,25,1
12,26,0
12,27,0
12,28,0
12,29,0
12,30,1
12,31,1
12,32,1
12,33,1
12,34,1
12,35,1
12,36,1
12,37,1
12,38,1
12,39,1
12,40,1
12,41,1
12,42,0
12,43,1
12,44,1
12,45,1
12,46,1
12,47,1
12,48,1
12,49,1
12,50,1
12,51,1
12,52,1
12,53,1
12,54,1
12,55,1
12,56,1
12,57,1
12,58,1
12,59,1
12,60,1
12,61,1
12,62,1
12,63,1
12,64,1
12,65,0
12,66,0
12,67,0
12,68,0
12,69,0
12,70,0
12,71,0
12,72,0
12,73,0
12,74,0
13,0,0
13,1,0
13,2,0
13,3,0
13,4,0
13,5,0
13,6,0
13,7,0
13,8,0
13,9,0
13,10,0
13,11,0
13,12,0
13,13,0
13,14,0
13,15,1
13,16,1
13,17,1
13,18,1
13,19,1
13,20,1
13,21,1
13,22,1
13,23,1
13,24,1
13,25,0
13,26,0
13,27,0
13,28,0
13,29,0
13,30,0
13,31,1
13,32,1
13,33,1
13,34,1
13,35,1
13,36,1
13,37,1
13,38,1
13,39,1
13,40,1
13,41,1
13,42,1
13,43,1
13,44,1
13,45,1
13,46,1
13,47,1
13,48,1
13,49,1
13,50,1
13,51,1
13,52,1
13,53,1
13,54,1
13,55,1
13,56,1
13,57,1
13,58,1
13,59,1
13,60,1
13,61,1
13,62,1
13,63,0
13,64,0
13,65,0
13,66,0
13,67,0
13,68,0
13,69,0
13,70,0
13,71,0
13,72,0
13,73,0
13,74,0
14,0,0
14,1,0
14,2,0
14,3,0
14,4,0
14,5,0
14,6,0
14,7,0
14,8,0
14,9,0
14,10,0
14,11,0
14,12,0
14,13,0
14,14,0
14,15,0
14,16,1
14,17,1
14,18,1
14,19,1
14,20,1
14,21,1
14,22,1
14,23,1
14,24,1
14,25,0
14,26,0
14,27,0
14,28,0
14,29,0
14,30,0
14,31,0
14,32,1
14,33,1
14,34,1
14,35,1
14,36,1
14,37,0
14,38,0
14,39,1
14,40,1
14,41,1
14,42,1
14,43,1
14,44,1
14,45,1
14,46,1
14,47,1
14,48,1
14,49,1
14,50,0
14,51,0
14,52,0
14,53,0
14,54,0
14,55,1
14,56,1
14,57,1
14,58,1
14,59,1
14,60,1
14,61,1
14,62,0
14,63,0
14,64,0
14,65,0
14,66,0
14,67,0
14,68,0
14,69,0
14,70,0
14,71,0
14,72,0
14,73,0
14,74,0
15,0,0
15,1,0
15,2,0
15,3,0
15,4,0
15,5,0
15,6,0
15,7,0
15,8,0
15,9,0
15,10,0
15,11,0
15,12,0
15,13,0
15,14,0
15,15,0
15,16,0
15,17,1
15,18,1
15,19,1
15,20,1
15,21,1
15,22,1
15,23,1
15,24,1
15,25,0
15,26,0
15,27,0
15,28,0
15,29,0
15,30,0
15,31,0
15,32,0
15,33,1
15,34,1
15,35,1
15,36,1
15,37,0
15,38,0
15,39,1
15,40,1
15,41,1
15,42,1
15,43,1
15,44,1
15,45,1
15,46,1
15,47,1
15,48,0
15,49,0
15,50,0
15,51,0
15,52,0
15,53,0
15,54,0
15,55,0
15,56,1
15,57,1
15,58,1
15,59,1
15,60,1
15,61,1
15,62,0
15,63,0
15,64,0
15,65,0
15,66,0
15,67,0
15,68,0
15,69,0
15,70,0
15,71,0
15,72,0
15,73,0
15,74,0
16,0,0
16,1,1
16,2,1
16,3,0
16,4,0
16,5,1
16,6,1
16,7,0
16,8,0
16,9,0
16,10,0
16,11,0
16,12,0
16,13,0
16,14,0
16,15,0
16,16,0
16,17,1
16,18,1
16,19,1
16,20,1
16,21,1
16,22,1
16,23,1
16,24,1
16,25,1
16,26,0
16,27,0
16,28,0
16,29,0
16,30,0
16,31,0
16,32,0
16,33,1
16,34,1
16,35,1
16,36,1
16,37,1
16,38,1
16,39,1
16,40,1
16,41,1
16,42,1
16,43,1
16,44,1
16,45,1
16,46,1
16,47,1
16,48,0
16,49,0
16,50,0
16,51,0
16,52,0
16,53,0
16,54,0
16,55,0
16,56,0
16,57,1
16,58,1
16,59,1
16,60,1
16,61,1
16,62,1
16,63,0
16,64,0
16,65,0
16,66,0
16,67,0
16,68,0
16,69,0
16,70,0
16,71,0
16,72,0
16,73,0
16,74,0
17,0,1
17,1,1
17,2,1
17,3,1
17,4,1
17,5,1
17,6,1
17,7,1
17,8,0
17,9,0
17,10,0
17,11,0
17,12,0
17,13,0
17,14,0
17,15,0
17,16,0
17,17,1
17,18,1
17,19,1
17,20,1
17,21,1
17,22,1
17,23,1
17,24,1
17,25,1
17,26,1
17,27,0
17,28,0
17,29,0
17,30,0
17,31,0
17,32,1
17,33,1
17,34,1
17,35,1
17,36,1
17,37,1
17,38,1
17,39,1
17,40,1
17,41,1
17,42,1
17,43,1
17,44,1
17,45,1
17,46,1
17,47,1
17,48,1
17,49,1
17,50,1
17,51,0
17,52,0
17,53,0
17,54,0
17,55,0
17,56,0
17,57,0
17,58,1
17,59,1
17,60,1
17,61,1
17,62,1
17,63,1
17,64,0
17,65,0
17,66,0
17,67,0
17,68,0
17,69,0
17,70,0
17,71,0
17,72,0
17,73,0
17,74,0
18,0,1
18,1,1
18,2,1
18,3,1
18,4,1
18,5,1
18,6,1
18,7,1
18,8,1
18,9,1
18,10,1
18,11,1
18,12,1
18,13,0
18,14,0
18,15,1
18,16,1
18,17,1
18,18,1
18,19,1
18,20,1
18,21,1
18,22,1
18,23,1
18,24,1
18,25,1
18,26,1
18,27,0
18,28,0
18,29,0
18,30,0
18,31,0
18,32,1
18,33,1
18,34,1
18,35,1
18,36,1
18,37,1
18,38,1
18,39,1
18,40,1
18,41,1
18,42,1
18,43,1
18,44,1
18,45,1
18,46,1
18,47,1
18,48,1
18,49,1
18,50,1
18,51,1
18,52,1
18,53,0
18,54,0
18,55,0
18,56,0
18,57,0
18,58,1
18,59,1
18,60,1
18,61,1
18,62,1
18,63,1
18,64,0
18,65,0
18,66,0
18,67,0
18,68,0
18,69,0
18,70,0
18,71,0
18,72,0
18,73,0
18,74,0
19,0,1
19,1,1
19,2,1
19,3,1
19,4,1
19,5,1
19,6,1
19,7,1
19,8,1
19,9,1
19,10,1
19,11,1
19,12,1
19,13,1
19,14,1
19,15,1
19,16,1
19,17,1
19,18,1
19,19,1
19,20,1
19,21,1
19,22,1
19,23,1
19,24,1
19,25,1
19,26,1
19,27,0
19,28,0
19,29,0
19,30,0
19,31,1
19,32,1
19,33,1
19,34,1
19,35,1
19,36,1
19,37,1
19,38,1
19,39,1
19,40,1
19,41,1
19,42,1
19,43,1
19,44,1
19,45,1
19,46,1
19,47,1
19,48,1
19,49,1
19,50,1
19,51,1
19,52,1
19,53,1
19,54,0
19,55,0
19,56,0
19,57,0
19,58,0
19,59,1
19,60,1
19,61,1
19,62,1
19,63,1
19,64,1
19,65,0
19,66,0
19,67,0
19,68,0
19,69,0
19,70,0
19,71,0
19,72,0
19,73,0
19,74,0
20,0,0
20,1,1
20,2,1
20,3,1
20,4,1
20,5,1
20,6,1
20,7,1
20,8,1
20,9,1
20,10,1
20,11,1
20,12,1
20,13,1
20,14,1
20,15,1
20,16,1
20,17,1
20,18,1
20,19,1
20,20,1
20,21,1
20,22,1
20,23,1
20,24,1
20,25,1
20,26,0
20,27,0
20,28,0
20,29,0
20,30,0
20,31,1
20,32,1
20,33,1
20,34,1
20,35,1
20,36,1
20,37,1
20,38,1
20,39,1
20,40,1
20,41,1
20,42,1
20,43,1
20,44,1
20,45,0
20,46,0
20,47,0
20,48,1
20,49,1
20,50,1
20,51,1
20,52,1
20,53,1
20,54,0
20,55,0
20,56,0
20,57,0
20,58,0
20,59,1
20,60,1
20,61,1
20,62,1
20,63,1
20,64,1
20,65,0
20,66,0
20,67,0
20,68,0
20,69,0
20,70,0
20,71,0
20,72,0
20,73,0
20,74,0
21,0,0
21,1,0
21,2,0
21,3,1
21,4,1
21,5,1
21,6,1
21,7,1
21,8,1
21,9,1
21,10,1
21,11,1
21,12,1
21,13,1
21,14,1
21,15,1
21,16,1
21,17,1
21,18,1
21,19,1
21,20,1
21,21,1
21,22,1
21,23,1
21,24,1
21,25,0
21,26,0
21,27,0
21,28,0
21,29,0
21,30,0
21,31,1
21,32,1
21,33,1
21,34,1
21,35,1
21,36,1
21,37,1
21,38,1
21,39,1
21,40,1
21,41,1
21,42,1
21,43,1
21,44,1
21,45,0
21,46,0
21,47,0
21,48,1
21,49,1
21,50,1
21,51,1
21,52,1
21,53,1
21,54,0
21,55,0
21,56,0
21,57,0
21,58,0
21,59,1
21,60,1
21,61,1
21,62,1
21,63,1
21,64,0
21,65,0
21,66,0
21,67,0
21,68,0
21,69,0
21,70,0
21,71,0
21,72,0
21,73,0
21,74,0
22,0,0
22,1,0
22,2,0
22,3,0
22,4,1
22,5,1
22,6,1
22,7,1
22,8,1
22,9,1
22,10,1
22,11,1
22,12,1
22,13,1
22,14,1
22,15,1
22,16,1
22,17,1
22,18,1
22,19,1
22,20,1
22,21,1
22,22,1
22,23,1
22,24,0
22,25,0
22,26,0
22,27,0
22,28,0
22,29,0
22,30,0
22,31,0
22,32,1
22,33,1
22,34,1
22,35,1
22,36,1
22,37,1
22,38,1
22,39,1
22,40,1
22,41,1
22,42,1
22,43,1
22,44,1
22,45,0
22,46,0
22,47,0
22,48,0
22,49,1
22,50,1
22,51,1
22,52,1
22,53,0
22,54,0
22,55,0
22,56,0
22,57,0
22,58,0
22,59,0
22,60,1
22,61,1
22,62,1
22,63,1
22,64,1
22,65,0
22,66,0
22,67,0
22,68,0
22,69,0
22,70,0
22,71,0
22,72,0
22,73,0
22,74,0
23,0,0
23,1,0
23,2,0
23,3,1
23,4,1
23,5,1
23,6,1
23,7,1
23,8,1
23,9,1
23,10,1
23,11,1
23,12,1
23,13,1
23,14,1
23,15,1
23,16,1
23,17,1
23,18,1
23,19,1
23,20,1
23,21,1
23,22,0
23,23,0
23,24,0
23,25,0
23,26,0
23,27,0
23,28,0
23,29,0
23,30,0
23,31,0
23,32,1
23,33,1
23,34,1
23,35,1
23,36,1
23,37,1
23,38,1
23,39,1
23,40,1
23,41,0
23,42,0
23,43,1
23,44,1
23,45,1
23,46,0
23,47,0
23,48,0
23,49,1
23,50,1
23,51,1
23,52,0
23,53,0
23,54,0
23,55,0
23,56,0
23,57,0
23,58,0
23,59,0
23,60,0
23,61,1
23,62,1
23,63,1
23,64,1
23,65,0
23,66,0
23,67,0
23,68,0
23,69,0
23,70,0
23,71,0
23,72,0
23,73,0
23,74,0
24,0,0
24,1,0
24,2,1
24,3,1
24,4,1
24,5,1
24,6,1
24,7,1
24,8,1
24,9,1
24,10,1
24,11,1
24,12,1
24,13,1
24,14,1
24,15,0
24,16,0
24,17,1
24,18,1
24,19,1
24,20,1
24,21,1
24,22,0
24,23,0
24,24,0
24,25,0
24,26,0
24,27,0
24,28,0
24,29,0
24,30,0
24,31,0
24,32,0
24,33,1
24,34,1
24,35,1
24,36,1
24,37,1
24,38,1
24,39,1
24,40,0
24,41,0
24,42,0
24,43,0
24,44,1
24,45,1
24,46,0
24,47,0
24,48,1
24,49,1
24,50,1
24,51,1
24,52,0
24,53,0
24,54,0
24,55,0
24,56,0
24,57,0
24,58,0
24,59,0
24,60,0
24,61,1
24,62,1
24,63,1
24,64,0
24,65,0
24,66,0
24,67,0
24,68,0
24,69,0
24,70,0
24,71,0
24,72,0
24,73,0
24,74,0
25,0,0
25,1,0
25,2,1
25,3,1
25,4,1
25,5,1
25,6,1
25,7,0
25,8,0
25,9,1
25,10,1
25,11,1
25,12,1
25,13,1
25,14,1
25,15,0
25,16,0
25,17,0
25,18,1
25,19,1
25,20,1
25,21,1
25,22,1
25,23,0
25,24,0
25,25,0
25,26,0
25,27,0
25,28,0
25,29,0
25,30,0
25,31,0
25,32,0
25,33,0
25,34,0
25,35,1
25,36,1
25,37,1
25,38,1
25,39,1
25,40,0
25,41,0
25,42,0
25,43,0
25,44,1
25,45,1
25,46,1
25,47,1
25,48,1
25,49,1
25,50,1
25,51,0
25,52,0
25,53,0
25,54,0
25,55,0
25,56,1
25,57,1
25,58,0
25,59,0
25,60,1
25,61,1
25,62,1
25,63,0
25,64,0
25,65,0
25,66,0
25,67,0
25,68,0
25,69,0
25,70,0
25,71,0
25,72,0
25,73,0
25,74,0
26,0,0
26,1,0
26,2,0
26,3,1
26,4,1
26,5,1
26,6,0
26,7,0
26,8,0
26,9,1
26,10,1
26,11,1
26,12,1
26,13,1
26,14,1
26,15,0
26,16,0
26,17,0
26,18,0
26,19,1
26,20,1
26,21,1
26,22,1
26,23,1
26,24,1
26,25,0
26,26,0
26,27,0
26,28,0
26,29,0
26,30,0
26,31,0
26,32,0
26,33,0
26,34,0
26,35,1
26,36,1
26,37,1
26,38,1
26,39,1
26,40,1
26,41,0
26,42,0
26,43,0
26,44,0
26,45,1
26,46,1
26,47,1
26,48,1
26,49,1
26,50,0
26,51,0
26,52,0
26,53,0
26,54,0
26,55,0
26,56,1
26,57,1
26,58,1
26,59,1
26,60,1
26,61,1
26,62,1
26,63,0
26,64,0
26,65,0
26,66,0
26,67,0
26,68,0
26,69,0
26,70,0
26,71,0
26,72,0
26,73,0
26,74,0
27,0,0
27,1,0
27,2,0
27,3,1
27,4,1
27,5,1
27,6,1
27,7,0
27,8,1
27,9,1
27,10,1
27,11,1
27,12,1
27,13,1
27,14,1
27,15,0
27,16,0
27,17,0
27,18,0
27,19,0
27,20,0
27,21,1
27,22,1
27,23,1
27,24,1
27,25,1
27,26,1
27,27,1
27,28,0
27,29,0
27,30,0
27,31,0
27,32,0
27,33,0
27,34,1
27,35,1
27,36,1
27,37,1
27,38,1
27,39,1
27,40,1
27,41,1
27,42,0
27,43,0
27,44,0
27,45,1
27,46,1
27,47,0
27,48,0
27,49,0
27,50,0
27,51,0
27,52,0
27,53,0
27,54,0
27,55,1
27,56,1
27,57,1
27,58,1
27,59,1
27,60,1
27,61,1
27,62,1
27,63,1
27,64,0
27,65,0
27,66,1
27,67,1
27,68,0
27,69,0
27,70,0
27,71,0
27,72,0
27,73,0
27,74,0
28,0,0
28,1,0
28,2,0
28,3,1
28,4,1
28,5,1
28,6,1
28,7,1
28,8,1
28,9,1
28,10,1
28,11,1
28,12,1
28,13,1
28,14,1
28,15,0
28,16,0
28,17,0
28,18,0
28,19,0
28,20,0
28,21,0
28,22,0
28,23,1
28,24,1
28,25,1
28,26,1
28,27,1
28,28,1
28,29,0
28,30,0
28,31,0
28,32,0
28,33,0
28,34,1
28,35,1
28,36,1
28,37,1
28,38,1
28,39,1
28,40,1
28,41,1
28,42,1
28,43,0
28,44,1
28,45,1
28,46,1
28,47,0
28,48,0
28,49,0
28,50,0
28,51,0
28,52,0
28,53,0
28,54,1
28,55,1
28,56,1
28,57,1
28,58,1
28,59,1
28,60,1
28,61,1
28,62,1
28,63,1
28,64,1
28,65,1
28,66,1
28,67,1
28,68,1
28,69,1
28,70,0
28,71,0
28,72,0
28,73,0
28,74,0
29,0,0
29,1,0
29,2,0
29,3,0
29,4,1
29,5,1
29,6,1
29,7,1
29,8,1
29,9,1
29,10,1
29,11,1
29,12,1
29,13,1
29,14,1
29,15,1
29,16,0
29,17,0
29,18,0
29,19,0
29,20,0
29,21,0
29,22,0
29,23,0
29,24,0
29,25,1
29,26,1
29,27,1
29,28,1
29,29,1
29,30,1
29,31,0
29,32,0
29,33,1
29,34,1
29,35,1
29,36,1
29,37,1
29,38,1
29,39,1
29,40,1
29,41,1
29,42,1
29,43,1
29,44,1
29,45,1
29,46,1
29,47,1
29,48,1
29,49,0
29,50,0
29,51,0
29,52,0
29,53,0
29,54,1
29,55,1
29,56,1
29,57,1
29,58,1
29,59,1
29,60,0
29,61,0
29,62,1
29,63,1
29,64,1
29,65,1
29,66,1
29,67,1
29,68,1
29,69,1
29,70,1
29,71,0
29,72,0
29,73,0
29,74,0
30,0,0
30,1,0
30,2,0
30,3,0
30,4,0
30,5,0
30,6,1
30,7,1
30,8,1
30,9,1
30,10,1
30,11,1
30,12,1
30,13,1
30,14,1
30,15,1
30,16,1
30,17,0
30,18,0
30,19,0
30,20,0
30,21,0
30,22,0
30,23,0
30,24,0
30,25,1
30,26,1
30,27,1
30,28,1
30,29,1
30,30,1
30,31,1
30,32,1
30,33,1
30,34,1
30,35,1
30,36,1
30,37,1
30,38,1
30,39,1
30,40,1
30,41,1
30,42,1
30,43,1
30,44,1
30,45,1
30,46,1
30,47,1
30,48,1
30,49,1
30,50,0
30,51,0
30,52,0
30,53,0
30,54,0
30,55,1
30,56,1
30,57,1
30,58,1
30,59,0
30,60,0
30,61,0
30,62,0
30,63,1
30,64,1
30,65,1
30,66,1
30,67,1
30,68,1
30,69,1
30,70,1
30,71,1
30,72,0
30,73,0
30,74,0
31,0,0
31,1,0
31,2,0
31,3,0
31,4,0
31,5,0
31,6,1
31,7,1
31,8,1
31,9,1
31,10,1
31,11,1
31,12,1
31,13,1
31,14,1
31,15,1
31,16,1
31,17,0
31,18,0
31,19,0
31,20,0
31,21,0
31,22,0
31,23,0
31,24,0
31,25,0
31,26,1
31,27,1
31,28,1
31,29,1
31,30,1
31,31,1
31,32,1
31,33,1
31,34,1
31,35,1
31,36,1
31,37,1
31,38,1
31,39,1
31,40,1
31,41,1
31,42,1
31,43,1
31,44,1
31,45,1
31,46,1
31,47,1
31,48,1
31,49,1
31,50,1
31,51,0
31,52,0
31,53,0
31,54,0
31,55,0
31,56,0
31,57,0
31,58,0
31,59,0
31,60,0
31,61,0
31,62,0
31,63,0
31,64,1
31,65,1
31,66,1
31,67,1
31,68,1
31,69,1
31,70,1
31,71,1
31,72,1
31,73,0
31,74,0
32,0,0
32,1,0
32,2,0
32,3,0
32,4,0
32,5,0
32,6,1
32,7,1
32,8,1
32,9,1
32,10,1
32,11,1
32,12,1
32,13,1
32,14,1
32,15,1
32,16,1
32,17,0
32,18,0
32,19,0
32,20,0
32,21,0
32,22,0
32,23,0
32,24,0
32,25,0
32,26,0
32,27,0
32,28,1
32,29,1
32,30,1
32,31,1
32,32,1
32,33,1
32,34,1
32,35,1
32,36,1
32,37,1
32,38,1
32,39,1
32,40,1
32,41,1
32,42,1
32,43,1
32,44,1
32,45,1
32,46,1
32,47,1
32,48,1
32,49,1
32,50,1
32,51,0
32,52,0
32,53,0
32,54,0
32,55,0
32,56,0
32,57,0
32,58,0
32,59,0
32,60,0
32,61,0
32,62,0
32,63,0
32,64,0
32,65,1
32,66,1
32,67,1
32,68,1
32,69,1
32,70,1
32,71,1
32,72,1
32,73,1
32,74,0
33,0,0
33,1,0
33,2,0
33,3,0
33,4,0
33,5,0
33,6,0
33,7,1
33,8,1
33,9,1
33,10,1
33,11,1
33,12,1
33,13,1
33,14,1
33,15,1
33,16,1
33,17,1
33,18,0
33,19,0
33,20,0
33,21,0
33,22,0
33,23,0
33,24,0
33,25,0
33,26,0
33,27,0
33,28,1
33,29,1
33,30,1
33,31,1
33,32,1
33,33,1
33,34,1
33,35,1
33,36,1
33,37,1
33,38,1
33,39,1
33,40,1
33,41,1
33,42,1
33,43,1
33,44,1
33,45,1
33,46,1
33,47,1
33,48,1
33,49,1
33,50,1
33,51,0
33,52,0
33,53,0
33,54,0
33,55,0
33,56,0
33,57,0
33,58,0
33,59,0
33,60,0
33,61,0
33,62,0
33,63,0
33,64,0
33,65,0
33,66,1
33,67,1
33,68,1
33,69,1
33,70,1
33,71,1
33,72,1
33,73,1
33,74,0
34,0,0
34,1,0
34,2,0
34,3,0
34,4,0
34,5,0
34,6,0
34,7,0
34,8,0
34,9,0
34,10,0
34,11,1
34,12,1
34,13,0
34,14,1
34,15,1
34,16,1
34,17,1
34,18,0
34,19,0
34,20,0
34,21,0
34,22,0
34,23,0
34,24,0
34,25,0
34,26,0
34,27,0
34,28,1
34,29,1
34,30,1
34,31,1
34,32,1
34,33,1
34,34,1
34,35,1
34,36,1
34,37,1
34,38,1
34,39,1
34,40,1
34,41,1
34,42,1
34,43,1
34,44,1
34,45,1
34,46,1
34,47,1
34,48,1
34,49,1
34,50,1
34,51,1
34,52,0
34,53,0
34,54,0
34,55,0
34,56,1
34,57,1
34,58,0
34,59,0
34,60,0
34,61,0
34,62,0
34,63,0
34,64,0
34,65,0
34,66,0
34,67,0
34,68,1
34,69,1
34,70,1
34,71,1
34,72,1
34,73,0
34,74,0
35,0,0
35,1,0
35,2,0
35,3,0
35,4,0
35,5,0
35,6,0
35,7,0
35,8,0
35,9,0
35,10,0
35,11,0
35,12,0
35,13,0
35,14,0
35,15,1
35,16,1
35,17,1
35,18,1
35,19,0
35,20,0
35,21,0
35,22,0
35,23,0
35,24,0
35,25,0
35,26,0
35,27,0
35,28,1
35,29,1
35,30,1
35,31,1
35,32,1
35,33,1
35,34,1
35,35,1
35,36,1
35,37,1
35,38,1
35,39,1
35,40,1
35,41,1
35,42,1
35,43,1
35,44,1
35,45,1
35,46,1
35,47,1
35,48,1
35,49,1
35,50,1
35,51,1
35,52,0
35,53,0
35,54,0
35,55,1
35,56,1
35,57,1
35,58,1
35,59,0
35,60,0
35,61,0
35,62,0
35,63,0
35,64,0
35,65,0
35,66,0
35,67,0
35,68,1
35,69,1
35,70,1
35,71,1
35,72,0
35,73,0
35,74,0
36,0,0
36,1,0
36,2,0
36,3,0
36,4,0
36,5,0
36,6,0
36,7,0
36,8,0
36,9,0
36,10,0
36,11,0
36,12,0
36,13,0
36,14,0
36,15,0
36,16,1
36,17,1
36,18,1
36,19,1
36,20,0
36,21,0
36,22,1
36,23,1
36,24,0
36,25,0
36,26,0
36,27,0
36,28,0
36,29,1
36,30,1
36,31,1
36,32,1
36,33,1
36,34,1
36,35,1
36,36,1
36,37,1
36,38,1
36,39,1
36,40,1
36,41,1
36,42,1
36,43,1
36,44,1
36,45,1
36,46,1
36,47,1
36,48,1
36,49,1
36,50,1
36,51,1
36,52,0
36,53,0
36,54,0
36,55,1
36,56,1
36,57,1
36,58,1
36,59,0
36,60,0
36,61,0
36,62,0
36,63,0
36,64,0
36,65,0
36,66,0
36,67,1
36,68,1
36,69,1
36,70,1
36,71,0
36,72,0
36,73,0
36,74,0
37,0,0
37,1,0
37,2,0
37,3,0
37,4,0
37,5,0
37,6,0
37,7,0
37,8,0
37,9,0
37,10,0
37,11,0
37,12,0
37,13,0
37,14,0
37,15,0
37,16,0
37,17,1
37,18,1
37,19,1
37,20,1
37,21,1
37,22,1
37,23,1
37,24,1
37,25,0
37,26,0
37,27,0
37,28,0
37,29,0
37,30,1
37,31,1
37,32,1
37,33,1
37,34,1
37,35,0
37,36,0
37,37,1
37,38,1
37,39,1
37,40,1
37,41,1
37,42,1
37,43,1
37,44,1
37,45,1
37,46,1
37,47,1
37,48,1
37,49,1
37,50,1
37,51,1
37,52,0
37,53,0
37,54,0
37,55,1
37,56,1
37,57,1
37,58,1
37,59,0
37,60,0
37,61,0
37,62,0
37,63,0
37,64,0
37,65,1
37,66,1
37,67,1
37,68,1
37,69,1
37,70,0
37,71,0
37,72,0
37,73,0
37,74,0
38,0,0
38,1,0
38,2,0
38,3,1
38,4,1
38,5,0
38,6,0
38,7,0
38,8,0
38,9,0
38,10,0
38,11,0
38,12,0
38,13,0
38,14,0
38,15,0
38,16,0
38,17,0
38,18,1
38,19,1
38,20,1
38,21,1
38,22,1
38,23,1
38,24,1
38,25,0
38,26,0
38,27,0
38,28,0
38,29,0
38,30,1
38,31,1
38,32,1
38,33,1
38,34,0
38,35,0
38,36,0
38,37,0
38,38,0
38,39,0
38,40,1
38,41,1
38,42,1
38,43,1
38,44,1
38,45,1
38,46,1
38,47,1
38,48,1
38,49,1
38,50,1
38,51,1
38,52,0
38,53,0
38,54,0
38,55,1
38,56,1
38,57,1
38,58,1
38,59,1
38,60,0
38,61,0
38,62,0
38,63,0
38,64,1
38,65,1
38,66,1
38,67,1
38,68,1
38,69,1
38,70,0
38,71,0
38,72,0
38,73,0
38,74,0
39,0,0
39,1,0
39,2,1
39,3,1
39,4,1
39,5,1
39,6,1
39,7,0
39,8,0
39,9,0
39,10,0
39,11,0
39,12,0
39,13,0
39,14,0
39,15,0
39,16,0
39,17,0
39,18,0
39,19,0
39,20,1
39,21,1
39,22,1
39,23,1
39,24,0
39,25,0
39,26,0
39,27,0
39,28,0
39,29,0
39,30,0
39,31,1
39,32,1
39,33,1
39,34,0
39,35,0
39,36,0
39,37,0
39,38,0
39,39,0
39,40,1
39,41,1
39,42,1
39,43,1
39,44,1
39,45,1
39,46,1
39,47,1
39,48,1
39,49,1
39,50,1
39,51,1
39,52,1
39,53,0
39,54,0
39,55,1
39,56,1
39,57,1
39,58,1
39,59,1
39,60,1
39,61,0
39,62,0
39,63,0
39,64,1
39,65,1
39,66,1
39,67,1
39,68,1
39,69,0
39,70,0
39,71,0
39,72,0
39,73,0
39,74,0
40,0,0
40,1,1
40,2,1
40,3,1
40,4,1
40,5,1
40,6,1
40,7,1
40,8,0
40,9,0
40,10,0
40,11,0
40,12,0
40,13,0
40,14,0
40,15,0
40,16,0
40,17,0
40,18,0
40,19,0
40,20,0
40,21,1
40,22,1
40,23,1
40,24,0
40,25,0
40,26,0
40,27,0
40,28,0
40,29,0
40,30,0
40,31,1
40,32,1
40,33,1
40,34,0
40,35,0
40,36,0
40,37,0
40,38,0
40,39,0
40,40,1
40,41,1
40,42,1
40,43,1
40,44,1
40,45,1
40,46,1
40,47,1
40,48,1
40,49,1
40,50,1
40,51,1
40,52,1
40,53,1
40,54,1
40,55,1
40,56,1
40,57,1
40,58,1
40,59,1
40,60,1
40,61,1
40,62,1
40,63,1
40,64,1
40,65,1
40,66,1
40,67,1
40,68,1
40,69,0
40,70,0
40,71,1
40,72,1
40,73,0
40,74,0
41,0,0
41,1,1
41,2,1
41,3,1
41,4,1
41,5,1
41,6,1
41,7,1
41,8,0
41,9,0
41,10,0
41,11,0
41,12,0
41,13,0
41,14,0
41,15,0
41,16,0
41,17,0
41,18,0
41,19,0
41,20,0
41,21,1
41,22,1
41,23,1
41,24,1
41,25,0
41,26,0
41,27,1
41,28,1
41,29,1
41,30,1
41,31,1
41,32,1
41,33,1
41,34,0
41,35,0
41,36,0
41,37,0
41,38,0
41,39,0
41,40,1
41,41,1
41,42,1
41,43,1
41,44,1
41,45,1
41,46,1
41,47,1
41,48,1
41,49,1
41,50,1
41,51,1
41,52,1
41,53,1
41,54,1
41,55,1
41,56,1
41,57,1
41,58,1
41,59,1
41,60,1
41,61,1
41,62,1
41,63,1
41,64,1
41,65,1
41,66,1
41,67,1
41,68,1
41,69,1
41,70,1
41,71,1
41,72,1
41,73,1
41,74,0
42,0,0
42,1,1
42,2,1
42,3,1
42,4,1
42,5,1
42,6,1
42,7,1
42,8,0
42,9,0
42,10,0
42,11,0
42,12,0
42,13,0
42,14,0
42,15,0
42,16,0
42,17,0
42,18,0
42,19,0
42,20,1
42,21,1
42,22,1
42,23,1
42,24,1
42,25,1
42,26,1
42,27,1
42,28,1
42,29,1
42,30,1
42,31,1
42,32,1
42,33,1
42,34,1
42,35,0
42,36,0
42,37,0
42,38,0
42,39,0
42,40,0
42,41,1
42,42,1
42,43,1
42,44,1
42,45,1
42,46,1
42,47,1
42,48,1
42,49,1
42,50,1
42,51,1
42,52,1
42,53,1
42,54,1
42,55,1
42,56,1
42,57,1
42,58,1
42,59,0
42,60,0
42,61,1
42,62,1
42,63,1
42,64,1
42,65,1
42,66,1
42,67,1
42,68,1
42,69,1
42,70,1
42,71,1
42,72,1
42,73,1
42,74,0
43,0,0
43,1,0
43,2,1
43,3,1
43,4,1
43,5,1
43,6,1
43,7,1
43,8,1
43,9,0
43,10,0
43,11,0
43,12,0
43,13,0
43,14,0
43,15,0
43,16,0
43,17,0
43,18,0
43,19,1
43,20,1
43,21,1
43,22,1
43,23,1
43,24,1
43,25,1
43,26,1
43,27,1
43,28,1
43,29,1
43,30,1
43,31,1
43,32,1
43,33,1
43,34,1
43,35,1
43,36,0
43,37,0
43,38,0
43,39,0
43,40,1
43,41,1
43,42,1
43,43,1
43,44,1
43,45,1
43,46,1
43,47,1
43,48,1
43,49,1
43,50,1
43,51,1
43,52,1
43,53,1
43,54,1
43,55,1
43,56,1
43,57,1
43,58,0
43,59,0
43,60,0
43,61,0
43,62,1
43,63,1
43,64,1
43,65,1
43,66,1
43,67,1
43,68,1
43,69,1
43,70,1
43,71,1
43,72,1
43,73,0
43,74,0
44,0,0
44,1,0
44,2,0
44,3,1
44,4,1
44,5,1
44,6,1
44,7,1
44,8,1
44,9,0
44,10,0
44,11,0
44,12,0
44,13,0
44,14,0
44,15,0
44,16,0
44,17,0
44,18,0
44,19,1
44,20,1
44,21,1
44,22,1
44,23,1
44,24,1
44,25,1
44,26,1
44,27,0
44,28,0
44,29,0
44,30,1
44,31,1
44,32,1
44,33,1
44,34,1
44,35,1
44,36,1
44,37,0
44,38,0
44,39,0
44,40,1
44,41,1
44,42,1
44,43,1
44,44,1
44,45,1
44,46,1
44,47,0
44,48,1
44,49,1
44,50,1
44,51,1
44,52,1
44,53,1
44,54,1
44,55,1
44,56,1
44,57,0
44,58,0
44,59,0
44,60,0
44,61,0
44,62,0
44,63,1
44,64,1
44,65,1
44,66,1
44,67,1
44,68,1
44,69,1
44,70,1
44,71,1
44,72,0
44,73,0
44,74,0
45,0,0
45,1,0
45,2,0
45,3,0
45,4,0
45,5,1
45,6,1
45,7,1
45,8,1
45,9,1
45,10,0
45,11,0
45,12,0
45,13,0
45,14,0
45,15,0
45,16,0
45,17,0
45,18,0
45,19,1
45,20,1
45,21,1
45,22,1
45,23,1
45,24,1
45,25,1
45,26,1
45,27,0
45,28,0
45,29,0
45,30,1
45,31,1
45,32,1
45,33,1
45,34,1
45,35,1
45,36,1
45,37,0
45,38,0
45,39,0
45,40,0
45,41,1
45,42,1
45,43,1
45,44,1
45,45,1
45,46,0
45,47,0
45,48,0
45,49,0
45,50,0
45,51,1
45,52,1
45,53,1
45,54,1
45,55,1
45,56,1
45,57,0
45,58,0
45,59,0
45,60,0
45,61,0
45,62,0
45,63,0
45,64,1
45,65,1
45,66,1
45,67,1
45,68,1
45,69,1
45,70,1
45,71,1
45,72,0
45,73,0
45,74,0
46,0,0
46,1,0
46,2,0
46,3,0
46,4,0
46,5,1
46,6,1
46,7,1
46,8,1
46,9,1
46,10,1
46,11,1
46,12,1
46,13,1
46,14,0
46,15,0
46,16,0
46,17,0
46,18,1
46,19,1
46,20,1
46,21,1
46,22,1
46,23,1
46,24,1
46,25,1
46,26,1
46,27,1
46,28,0
46,29,0
46,30,1
46,31,1
46,32,1
46,33,1
46,34,1
46,35,1
46,36,0
46,37,0
46,38,0
46,39,0
46,40,0
46,41,0
46,42,1
46,43,1
46,44,1
46,45,0
46,46,0
46,47,0
46,48,0
46,49,0
46,50,0
46,51,1
46,52,1
46,53,1
46,54,1
46,55,1
46,56,0
46,57,0
46,58,0
46,59,0
46,60,0
46,61,0
46,62,0
46,63,0
46,64,1
46,65,1
46,66,1
46,67,1
46,68,1
46,69,1
46,70,1
46,71,1
46,72,0
46,73,0
46,74,0
47,0,0
47,1,0
47,2,0
47,3,0
47,4,1
47,5,1
47,6,1
47,7,1
47,8,1
47,9,1
47,10,1
47,11,1
47,12,1
47,13,1
47,14,1
47,15,1
47,16,1
47,17,1
47,18,1
47,19,1
47,20,1
47,21,1
47,22,1
47,23,1
47,24,1
47,25,1
47,26,1
47,27,1
47,28,0
47,29,0
47,30,1
47,31,1
47,32,1
47,33,1
47,34,1
47,35,0
47,36,0
47,37,0
47,38,0
47,39,0
47,40,0
47,41,0
47,42,1
47,43,1
47,44,1
47,45,0
47,46,0
47,47,0
47,48,0
47,49,0
47,50,0
47,51,1
47,52,1
47,53,1
47,54,1
47,55,1
47,56,0
47,57,0
47,58,0
47,59,0
47,60,0
47,61,0
47,62,0
47,63,0
47,64,1
47,65,1
47,66,1
47,67,1
47,68,1
47,69,1
47,70,1
47,71,1
47,72,0
47,73,0
47,74,0
48,0,0
48,1,0
48,2,1
48,3,1
48,4,1
48,5,1
48,6,1
48,7,1
48,8,1
48,9,1
48,10,1
48,11,1
48,12,1
48,13,1
48,14,1
48,15,1
48,16,1
48,17,1
48,18,1
48,19,1
48,20,1
48,21,1
48,22,1
48,23,1
48,24,1
48,25,1
48,26,1
48,27,1
48,28,0
48,29,0
48,30,0
48,31,1
48,32,1
48,33,1
48,34,1
48,35,1
48,36,0
48,37,0
48,38,0
48,39,1
48,40,1
48,41,1
48,42,1
48,43,1
48,44,1
48,45,0
48,46,0
48,47,0
48,48,0
48,49,0
48,50,0
48,51,0
48,52,1
48,53,1
48,54,1
48,55,1
48,56,0
48,57,0
48,58,0
48,59,0
48,60,0
48,61,0
48,62,0
48,63,0
48,64,0
48,65,1
48,66,1
48,67,1
48,68,1
48,69,1
48,70,1
48,71,0
48,72,0
48,73,0
48,74,0
49,0,0
49,1,1
49,2,1
49,3,1
49,4,1
49,5,1
49,6,1
49,7,1
49,8,1
49,9,1
49,10,1
49,11,1
49,12,1
49,13,1
49,14,1
49,15,1
49,16,1
49,17,1
49,18,1
49,19,1
49,20,1
49,21,1
49,22,1
49,23,1
49,24,1
49,25,1
49,26,1
49,27,1
49,28,0
49,29,0
49,30,0
49,31,0
49,32,1
49,33,1
49,34,1
49,35,1
49,36,1
49,37,0
49,38,1
49,39,1
49,40,1
49,41,1
49,42,1
49,43,1
49,44,0
49,45,0
49,46,0
49,47,0
49,48,0
49,49,0
49,50,0
49,51,0
49,52,1
49,53,1
49,54,1
49,55,0
49,56,0
49,57,0
49,58,0
49,59,0
49,60,0
49,61,0
49,62,0
49,63,0
49,64,0
49,65,0
49,66,1
49,67,1
49,68,1
49,69,1
49,70,1
49,71,0
49,72,0
49,73,0
49,74,0
50,0,0
50,1,1
50,2,1
50,3,1
50,4,1
50,5,1
50,6,1
50,7,1
50,8,1
50,9,1
50,10,1
50,11,1
50,12,1
50,13,1
50,14,1
50,15,1
50,16,1
50,17,1
50,18,1
50,19,1
50,20,1
50,21,1
50,22,1
50,23,1
50,24,1
50,25,1
50,26,1
50,27,1
50,28,1
50,29,0
50,30,0
50,31,0
50,32,0
50,33,1
50,34,1
50,35,1
50,36,1
50,37,1
50,38,1
50,39,1
50,40,1
50,41,1
50,42,1
50,43,1
50,44,0
50,45,0
50,46,0
50,47,0
50,48,0
50,49,0
50,50,0
50,51,1
50,52,1
50,53,1
50,54,0
50,55,0
50,56,0
50,57,0
50,58,0
50,59,0
50,60,0
50,61,0
50,62,0
50,63,0
50,64,0
50,65,0
50,66,1
50,67,1
50,68,1
50,69,1
50,70,0
50,71,0
50,72,0
50,73,0
50,74,0
51,0,0
51,1,1
51,2,1
51,3,1
51,4,1
51,5,1
51,6,1
51,7,1
51,8,1
51,9,1
51,10,1
51,11,1
51,12,1
51,13,1
51,14,1
51,15,1
51,16,1
51,17,1
51,18,1
51,19,1
51,20,1
51,21,1
51,22,1
51,23,1
51,24,0
51,25,1
51,26,1
51,27,1
51,28,1
51,29,0
51,30,0
51,31,0
51,32,0
51,33,0
51,34,1
51,35,1
51,36,1
51,37,1
51,38,1
51,39,1
51,40,0
51,41,0
51,42,1
51,43,1
51,44,1
51,45,0
51,46,0
51,47,0
51,48,0
51,49,0
51,50,0
51,51,1
51,52,1
51,53,1
51,54,0
51,55,0
51,56,0
51,57,0
51,58,0
51,59,0
51,60,0
51,61,0
51,62,0
51,63,0
51,64,1
51,65,1
51,66,1
51,67,1
51,68,1
51,69,0
51,70,0
51,71,0
51,72,0
51,73,0
51,74,0
52,0,0
52,1,1
52,2,1
52,3,1
52,4,1
52,5,1
52,6,1
52,7,1
52,8,1
52,9,1
52,10,1
52,11,1
52,12,1
52,13,1
52,14,1
52,15,0
52,16,0
52,17,1
52,18,1
52,19,1
52,20,1
52,21,1
52,22,1
52,23,0
52,24,0
52,25,0
52,26,1
52,27,1
52,28,0
52,29,0
52,30,0
52,31,0
52,32,0
52,33,0
52,34,0
52,35,1
52,36,1
52,37,1
52,38,1
52,39,0
52,40,0
52,41,0
52,42,1
52,43,1
52,44,1
52,45,1
52,46,0
52,47,0
52,48,0
52,49,0
52,50,0
52,51,1
52,52,1
52,53,1
52,54,1
52,55,0
52,56,0
52,57,0
52,58,0
52,59,0
52,60,0
52,61,0
52,62,0
52,63,1
52,64,1
52,65,1
52,66,1
52,67,1
52,68,1
52,69,0
52,70,0
52,71,0
52,72,0
52,73,0
52,74,0
53,0,0
53,1,0
53,2,1
53,3,1
53,4,1
53,5,1
53,6,1
53,7,1
53,8,1
53,9,0
53,10,0
53,11,1
53,12,1
53,13,1
53,14,1
53,15,0
53,16,0
53,17,1
53,18,1
53,19,1
53,20,1
53,21,1
53,22,1
53,23,0
53,24,0
53,25,0
53,26,0
53,27,0
53,28,0
53,29,0
53,30,0
53,31,0
53,32,0
53,33,0
53,34,0
53,35,0
53,36,0
53,37,0
53,38,0
53,39,0
53,40,0
53,41,0
53,42,1
53,43,1
53,44,1
53,45,1
53,46,0
53,47,0
53,48,0
53,49,0
53,50,0
53,51,0
53,52,1
53,53,1
53,54,1
53,55,1
53,56,0
53,57,0
53,58,0
53,59,0
53,60,0
53,61,0
53,62,0
53,63,1
53,64,1
53,65,1
53,66,1
53,67,1
53,68,1
53,69,1
53,70,1
53,71,0
53,72,0
53,73,0
53,74,0
54,0,0
54,1,0
54,2,0
54,3,1
54,4,1
54,5,1
54,6,1
54,7,1
54,8,1
54,9,0
54,10,0
54,11,0
54,12,1
54,13,1
54,14,1
54,15,0
54,16,0
54,17,0
54,18,1
54,19,1
54,20,1
54,21,1
54,22,1
54,23,1
54,24,0
54,25,0
54,26,0
54,27,0
54,28,0
54,29,0
54,30,0
54,31,0
54,32,0
54,33,0
54,34,0
54,35,0
54,36,0
54,37,0
54,38,0
54,39,0
54,40,0
54,41,1
54,42,1
54,43,1
54,44,1
54,45,0
54,46,0
54,47,0
54,48,0
54,49,0
54,50,0
54,51,0
54,52,1
54,53,1
54,54,1
54,55,1
54,56,0
54,57,0
54,58,0
54,59,0
54,60,0
54,61,0
54,62,0
54,63,0
54,64,1
54,65,1
54,66,1
54,67,1
54,68,1
54,69,1
54,70,1
54,71,1
54,72,0
54,73,0
54,74,0
55,0,0
55,1,0
55,2,0
55,3,1
55,4,1
55,5,1
55,6,1
55,7,1
55,8,1
55,9,1
55,10,0
55,11,0
55,12,1
55,13,1
55,14,1
55,15,0
55,16,0
55,17,1
55,18,1
55,19,1
55,20,1
55,21,1
55,22,1
55,23,1
55,24,0
55,25,0
55,26,0
55,27,0
55,28,0
55,29,0
55,30,0
55,31,0
55,32,0
55,33,0
55,34,0
55,35,0
55,36,0
55,37,0
55,38,0
55,39,0
55,40,0
55,41,1
55,42,1
55,43,1
55,44,1
55,45,0
55,46,0
55,47,0
55,48,0
55,49,0
55,50,0
55,51,0
55,52,0
55,53,1
55,54,1
55,55,0
55,56,0
55,57,0
55,58,0
55,59,0
55,60,0
55,61,0
55,62,0
55,63,0
55,64,0
55,65,1
55,66,1
55,67,1
55,68,1
55,69,1
55,70,1
55,71,1
55,72,1
55,73,0
55,74,0
56,0,0
56,1,0
56,2,0
56,3,0
56,4,1
56,5,1
56,6,1
56,7,1
56,8,1
56,9,1
56,10,1
56,11,1
56,12,1
56,13,1
56,14,1
56,15,1
56,16,1
56,17,1
56,18,1
56,19,1
56,20,1
56,21,1
56,22,1
56,23,1
56,24,1
56,25,0
56,26,0
56,27,0
56,28,0
56,29,0
56,30,0
56,31,0
56,32,0
56,33,0
56,34,0
56,35,0
56,36,0
56,37,0
56,38,0
56,39,0
56,40,0
56,41,0
56,42,1
56,43,1
56,44,0
56,45,0
56,46,0
56,47,0
56,48,0
56,49,0
56,50,0
56,51,0
56,52,0
56,53,0
56,54,0
56,55,0
56,56,0
56,57,0
56,58,0
56,59,0
56,60,0
56,61,0
56,62,0
56,63,0
56,64,0
56,65,0
56,66,1
56,67,1
56,68,1
56,69,1
56,70,1
56,71,1
56,72,1
56,73,0
56,74,0
57,0,0
57,1,0
57,2,0
57,3,0
57,4,1
57,5,1
57,6,1
57,7,1
57,8,1
57,9,1
57,10,1
57,11,1
57,12,1
57,13,1
57,14,1
57,15,1
57,16,1
57,17,1
57,18,1
57,19,1
57,20,1
57,21,1
57,22,1
57,23,1
57,24,1
57,25,1
57,26,1
57,27,1
57,28,0
57,29,0
57,30,0
57,31,0
57,32,0
57,33,0
57,34,0
57,35,0
57,36,0
57,37,0
57,38,0
57,39,0
57,40,0
57,41,0
57,42,0
57,43,0
57,44,0
57,45,0
57,46,0
57,47,0
57,48,0
57,49,0
57,50,0
57,51,0
57,52,0
57,53,0
57,54,0
57,55,0
57,56,0
57,57,0
57,58,0
57,59,0
57,60,0
57,61,0
57,62,0
57,63,0
57,64,0
57,65,0
57,66,1
57,67,1
57,68,1
57,69,1
57,70,1
57,71,1
57,72,0
57,73,0
57,74,0
58,0,0
58,1,0
58,2,0
58,3,0
58,4,1
58,5,1
58,6,1
58,7,1
58,8,1
58,9,1
58,10,1
58,11,1
58,12,1
58,13,1
58,14,0
58,15,0
58,16,1
58,17,1
58,18,1
58,19,1
58,20,1
58,21,1
58,22,1
58,23,1
58,24,1
58,25,1
58,26,1
58,27,1
58,28,1
58,29,0
58,30,0
58,31,0
58,32,0
58,33,0
58,34,0
58,35,0
58,36,0
58,37,0
58,38,0
58,39,0
58,40,0
58,41,0
58,42,0
58,43,0
58,44,0
58,45,0
58,46,0
58,47,0
58,48,0
58,49,0
58,50,0
58,51,0
58,52,0
58,53,0
58,54,0
58,55,0
58,56,0
58,57,0
58,58,0
58,59,1
58,60,1
58,61,0
58,62,0
58,63,0
58,64,0
58,65,0
58,66,1
58,67,1
58,68,1
58,69,1
58,70,1
58,71,0
58,72,0
58,73,0
58,74,0
59,0,0
59,1,0
59,2,0
59,3,1
59,4,1
59,5,1
59,6,1
59,7,1
59,8,1
59,9,1
59,10,1
59,11,1
59,12,1
59,13,1
59,14,0
59,15,0
59,16,1
59,17,1
59,18,1
59,19,1
59,20,1
59,21,1
59,22,1
59,23,1
59,24,1
59,25,1
59,26,1
59,27,1
59,28,1
59,29,0
59,30,0
59,31,0
59,32,0
59,33,0
59,34,0
59,35,0
59,36,0
59,37,0
59,38,0
59,39,0
59,40,0
59,41,0
59,42,0
59,43,0
59,44,0
59,45,0
59,46,0
59,47,0
59,48,0
59,49,0
59,50,0
59,51,0
59,52,0
59,53,0
59,54,0
59,55,0
59,56,0
59,57,1
59,58,1
59,59,1
59,60,1
59,61,1
59,62,0
59,63,0
59,64,0
59,65,1
59,66,1
59,67,1
59,68,1
59,69,1
59,70,0
59,71,0
59,72,0
59,73,0
59,74,0
60,0,0
60,1,0
60,2,1
60,3,1
60,4,1
60,5,1
60,6,1
60,7,1
60,8,1
60,9,1
60,10,1
60,11,1
60,12,1
60,13,1
60,14,1
60,15,1
60,16,1
60,17,1
60,18,1
60,19,1
60,20,1
60,21,1
60,22,1
60,23,1
60,24,1
60,25,1
60,26,1
60,27,1
60,28,1
60,29,1
60,30,1
60,31,0
60,32,0
60,33,0
60,34,0
60,35,0
60,36,0
60,37,0
60,38,0
60,39,0
60,40,0
60,41,0
60,42,0
60,43,0
60,44,0
60,45,0
60,46,0
60,47,0
60,48,0
60,49,0
60,50,0
60,51,0
60,52,0
60,53,0
60,54,0
60,55,0
60,56,1
60,57,1
60,58,1
60,59,1
60,60,1
60,61,1
60,62,1
60,63,1
60,64,1
60,65,1
60,66,1
60,67,1
60,68,1
60,69,0
60,70,0
60,71,0
60,72,0
60,73,0
60,74,0
61,0,0
61,1,0
61,2,1
61,3,1
61,4,1
61,5,1
61,6,1
61,7,1
61,8,1
61,9,1
61,10,1
61,11,1
61,12,1
61,13,1
61,14,1
61,15,1
61,16,1
61,17,1
61,18,1
61,19,1
61,20,1
61,21,1
61,22,1
61,23,1
61,24,1
61,25,1
61,26,1
61,27,1
61,28,1
61,29,1
61,30,1
61,31,1
61,32,0
61,33,0
61,34,0
61,35,0
61,36,0
61,37,0
61,38,0
61,39,0
61,40,0
61,41,0
61,42,0
61,43,0
61,44,0
61,45,0
61,46,0
61,47,0
61,48,0
61,49,0
61,50,0
61,51,0
61,52,0
61,53,0
61,54,0
61,55,1
61,56,1
61,57,1
61,58,1
61,59,1
61,60,1
61,61,1
61,62,1
61,63,1
61,64,1
61,65,1
61,66,1
61,67,1
61,68,1
61,69,0
61,70,0
61,71,0
61,72,0
61,73,0
61,74,0
62,0,0
62,1,0
62,2,1
62,3,1
62,4,1
62,5,1
62,6,1
62,7,1
62,8,1
62,9,1
62,10,1
62,11,0
62,12,0
62,13,1
62,14,1
62,15,1
62,16,1
62,17,1
62,18,1
62,19,1
62,20,1
62,21,1
62,22,1
62,23,1
62,24,0
62,25,0
62,26,0
62,27,1
62,28,1
62,29,1
62,30,1
62,31,1
62,32,1
62,33,1
62,34,1
62,35,1
62,36,0
62,37,0
62,38,0
62,39,0
62,40,0
62,41,0
62,42,0
62,43,0
62,44,0
62,45,0
62,46,0
62,47,0
62,48,0
62,49,0
62,50,0
62,51,0
62,52,1
62,53,1
62,54,1
62,55,1
62,56,1
62,57,1
62,58,1
62,59,1
62,60,1
62,61,1
62,62,1
62,63,0
62,64,0
62,65,1
62,66,1
62,67,1
62,68,0
62,69,0
62,70,0
62,71,0
62,72,0
62,73,0
62,74,0
63,0,0
63,1,0
63,2,0
63,3,1
63,4,1
63,5,1
63,6,1
63,7,1
63,8,1
63,9,1
63,10,1
63,11,0
63,12,0
63,13,0
63,14,1
63,15,1
63,16,1
63,17,1
63,18,1
63,19,1
63,20,1
63,21,1
63,22,1
63,23,0
63,24,0
63,25,0
63,26,0
63,27,1
63,28,1
63,29,1
63,30,1
63,31,1
63,32,1
63,33,1
63,34,1
63,35,1
63,36,1
63,37,0
63,38,0
63,39,0
63,40,0
63,41,1
63,42,1
63,43,1
63,44,0
63,45,0
63,46,0
63,47,0
63,48,1
63,49,1
63,50,0
63,51,1
63,52,1
63,53,1
63,54,1
63,55,1
63,56,1
63,57,1
63,58,1
63,59,1
63,60,1
63,61,1
63,62,0
63,63,0
63,64,0
63,65,0
63,66,0
63,67,0
63,68,0
63,69,0
63,70,0
63,71,0
63,72,0
63,73,0
63,74,0
64,0,0
64,1,0
64,2,0
64,3,0
64,4,0
64,5,1
64,6,1
64,7,1
64,8,1
64,9,1
64,10,1
64,11,1
64,12,0
64,13,0
64,14,1
64,15,1
64,16,1
64,17,1
64,18,1
64,19,1
64,20,1
64,21,1
64,22,1
64,23,0
64,24,0
64,25,0
64,26,1
64,27,1
64,28,1
64,29,1
64,30,1
64,31,0
64,32,0
64,33,0
64,34,1
64,35,1
64,36,1
64,37,1
64,38,0
64,39,0
64,40,1
64,41,1
64,42,1
64,43,1
64,44,1
64,45,0
64,46,0
64,47,1
64,48,1
64,49,1
64,50,1
64,51,1
64,52,1
64,53,1
64,54,1
64,55,1
64,56,1
64,57,1
64,58,1
64,59,1
64,60,1
64,61,1
64,62,0
64,63,0
64,64,0
64,65,0
64,66,0
64,67,0
64,68,0
64,69,0
64,70,0
64,71,0
64,72,0
64,73,0
64,74,0
65,0,0
65,1,0
65,2,0
65,3,0
65,4,0
65,5,0
65,6,0
65,7,0
65,8,1
65,9,1
65,10,1
65,11,1
65,12,1
65,13,1
65,14,1
65,15,1
65,16,1
65,17,1
65,18,1
65,19,1
65,20,1
65,21,1
65,22,1
65,23,1
65,24,1
65,25,1
65,26,1
65,27,1
65,28,1
65,29,0
65,30,0
65,31,0
65,32,0
65,33,0
65,34,0
65,35,1
65,36,1
65,37,1
65,38,1
65,39,1
65,40,1
65,41,1
65,42,1
65,43,1
65,44,1
65,45,1
65,46,1
65,47,1
65,48,1
65,49,1
65,50,1
65,51,1
65,52,1
65,53,1
65,54,1
65,55,1
65,56,1
65,57,1
65,58,1
65,59,1
65,60,1
65,61,1
65,62,1
65,63,0
65,64,0
65,65,0
65,66,1
65,67,1
65,68,0
65,69,0
65,70,0
65,71,0
65,72,0
65,73,0
65,74,0
66,0,0
66,1,0
66,2,0
66,3,0
66,4,0
66,5,0
66,6,0
66,7,0
66,8,0
66,9,1
66,10,1
66,11,1
66,12,1
66,13,1
66,14,1
66,15,1
66,16,1
66,17,1
66,18,1
66,19,1
66,20,1
66,21,1
66,22,1
66,23,1
66,24,1
66,25,1
66,26,1
66,27,1
66,28,0
66,29,0
66,30,0
66,31,0
66,32,0
66,33,0
66,34,0
66,35,0
66,36,1
66,37,1
66,38,1
66,39,1
66,40,1
66,41,1
66,42,1
66,43,1
66,44,1
66,45,1
66,46,1
66,47,1
66,48,1
66,49,1
66,50,1
66,51,1
66,52,1
66,53,0
66,54,0
66,55,0
66,56,1
66,57,1
66,58,1
66,59,1
66,60,1
66,61,1
66,62,1
66,63,1
66,64,0
66,65,1
66,66,1
66,67,1
66,68,1
66,69,0
66,70,0
66,71,0
66,72,0
66,73,0
66,74,0
67,0,0
67,1,0
67,2,0
67,3,0
67,4,0
67,5,0
67,6,0
67,7,0
67,8,0
67,9,0
67,10,0
67,11,0
67,12,0
67,13,1
67,14,1
67,15,1
67,16,1
67,17,1
67,18,1
67,19,1
67,20,1
67,21,1
67,22,1
67,23,1
67,24,1
67,25,1
67,26,1
67,27,0
67,28,0
67,29,0
67,30,0
67,31,0
67,32,0
67,33,0
67,34,0
67,35,0
67,36,0
67,37,0
67,38,1
67,39,1
67,40,1
67,41,1
67,42,1
67,43,1
67,44,1
67,45,1
67,46,1
67,47,1
67,48,1
67,49,1
67,50,1
67,51,1
67,52,1
67,53,0
67,54,0
67,55,0
67,56,0
67,57,1
67,58,1
67,59,1
67,60,1
67,61,1
67,62,1
67,63,1
67,64,1
67,65,1
67,66,1
67,67,1
67,68,1
67,69,1
67,70,1
67,71,1
67,72,1
67,73,1
67,74,0
68,0,0
68,1,0
68,2,0
68,3,0
68,4,0
68,5,0
68,6,0
68,7,0
68,8,0
68,9,0
68,10,0
68,11,0
68,12,0
68,13,0
68,14,1
68,15,1
68,16,1
68,17,1
68,18,1
68,19,1
68,20,1
68,21,1
68,22,1
68,23,1
68,24,1
68,25,1
68,26,1
68,27,0
68,28,0
68,29,0
68,30,0
68,31,0
68,32,0
68,33,0
68,34,0
68,35,0
68,36,0
68,37,0
68,38,0
68,39,0
68,40,1
68,41,1
68,42,1
68,43,1
68,44,1
68,45,1
68,46,1
68,47,1
68,48,1
68,49,1
68,50,1
68,51,1
68,52,1
68,53,1
68,54,0
68,55,0
68,56,0
68,57,1
68,58,1
68,59,1
68,60,1
68,61,1
68,62,1
68,63,1
68,64,1
68,65,1
68,66,1
68,67,1
68,68,1
68,69,1
68,70,1
68,71,1
68,72,1
68,73,1
68,74,1
69,0,0
69,1,0
69,2,0
69,3,0
69,4,0
69,5,0
69,6,0
69,7,0
69,8,0
69,9,0
69,10,0
69,11,0
69,12,0
69,13,0
69,14,1
69,15,1
69,16,1
69,17,1
69,18,1
69,19,1
69,20,1
69,21,1
69,22,1
69,23,1
69,24,1
69,25,1
69,26,1
69,27,0
69,28,0
69,29,0
69,30,0
69,31,0
69,32,0
69,33,0
69,34,0
69,35,0
69,36,0
69,37,0
69,38,0
69,39,0
69,40,0
69,41,1
69,42,1
69,43,1
69,44,1
69,45,1
69,46,1
69,47,1
69,48,1
69,49,1
69,50,1
69,51,1
69,52,1
69,53,1
69,54,1
69,55,1
69,56,1
69,57,1
69,58,1
69,59,1
69,60,1
69,61,1
69,62,1
69,63,1
69,64,1
69,65,1
69,66,1
69,67,1
69,68,1
69,69,1
69,70,1
69,71,1
69,72,1
69,73,1
69,74,1
70,0,0
70,1,0
70,2,0
70,3,0
70,4,0
70,5,0
70,6,0
70,7,0
70,8,0
70,9,0
70,10,0
70,11,0
70,12,0
70,13,0
70,14,0
70,15,1
70,16,1
70,17,1
70,18,1
70,19,1
70,20,1
70,21,1
70,22,1
70,23,1
70,24,1
70,25,1
70,26,1
70,27,0
70,28,0
70,29,0
70,30,0
70,31,0
70,32,0
70,33,0
70,34,0
70,35,0
70,36,0
70,37,0
70,38,0
70,39,0
70,40,0
70,41,1
70,42,1
70,43,1
70,44,1
70,45,1
70,46,1
70,47,1
70,48,1
70,49,1
70,50,1
70,51,1
70,52,1
70,53,1
70,54,1
70,55,1
70,56,1
70,57,1
70,58,1
70,59,1
70,60,1
70,61,1
70,62,1
70,63,1
70,64,1
70,65,1
70,66,1
70,67,1
70,68,1
70,69,1
70,70,1
70,71,1
70,72,1
70,73,1
70,74,1
71,0,0
71,1,0
71,2,0
71,3,0
71,4,0
71,5,0
71,6,0
71,7,0
71,8,0
71,9,0
71,10,0
71,11,0
71,12,0
71,13,0
71,14,1
71,15,1
71,16,1
71,17,1
71,18,1
71,19,1
71,20,1
71,21,1
71,22,1
71,23,1
71,24,1
71,25,1
71,26,1
71,27,1
71,28,1
71,29,1
71,30,0
71,31,0
71,32,1
71,33,1
71,34,1
71,35,1
71,36,0
71,37,0
71,38,0
71,39,0
71,40,1
71,41,1
71,42,1
71,43,1
71,44,1
71,45,1
71,46,1
71,47,1
71,48,1
71,49,1
71,50,1
71,51,1
71,52,1
71,53,1
71,54,1
71,55,1
71,56,1
71,57,1
71,58,1
71,59,1
71,60,1
71,61,1
71,62,1
71,63,1
71,64,1
71,65,1
71,66,1
71,67,0
71,68,0
71,69,1
71,70,1
71,71,1
71,72,1
71,73,1
71,74,1
72,0,0
72,1,0
72,2,0
72,3,0
72,4,0
72,5,0
72,6,0
72,7,0
72,8,0
72,9,0
72,10,0
72,11,0
72,12,0
72,13,1
72,14,1
72,15,1
72,16,1
72,17,1
72,18,1
72,19,1
72,20,1
72,21,1
72,22,1
72,23,1
72,24,1
72,25,1
72,26,1
72,27,1
72,28,1
72,29,1
72,30,1
72,31,1
72,32,1
72,33,1
72,34,1
72,35,1
72,36,1
72,37,1
72,38,1
72,39,1
72,40,1
72,41,1
72,42,1
72,43,1
72,44,1
72,45,1
72,46,1
72,47,1
72,48,1
72,49,1
72,50,1
72,51,1
72,52,1
72,53,1
72,54,1
72,55,1
72,56,1
72,57,1
72,58,1
72,59,1
72,60,1
72,61,1
72,62,0
72,63,0
72,64,1
72,65,1
72,66,0
72,67,0
72,68,0
72,69,0
72,70,0
72,71,1
72,72,1
72,73,1
72,74,0
73,0,0
73,1,0
73,2,0
73,3,0
73,4,0
73,5,0
73,6,0
73,7,0
73,8,0
73,9,0
73,10,0
73,11,0
73,12,0
73,13,1
73,14,1
73,15,1
73,16,1
73,17,1
73,18,1
73,19,1
73,20,1
73,21,1
73,22,1
73,23,1
73,24,1
73,25,1
73,26,1
73,27,1
73,28,1
73,29,1
73,30,1
73,31,1
73,32,1
73,33,1
73,34,1
73,35,1
73,36,1
73,37,1
73,38,1
73,39,1
73,40,1
73,41,1
73,42,1
73,43,1
73,44,1
73,45,1
73,46,1
73,47,1
73,48,1
73,49,1
73,50,1
73,51,1
73,52,1
73,53,1
73,54,1
73,55,1
73,56,1
73,57,1
73,58,1
73,59,1
73,60,1
73,61,1
73,62,0
73,63,0
73,64,0
73,65,0
73,66,0
73,67,0
73,68,0
73,69,0
73,70,0
73,71,0
73,72,0
73,73,0
73,74,0
74,0,0
74,1,0
74,2,0
74,3,0
74,4,0
74,5,0
74,6,0
74,7,0
74,8,0
74,9,0
74,10,0
74,11,0
74,12,0
74,13,1
74,14,1
74,15,1
74,16,1
74,17,1
74,18,1
74,19,1
74,20,1
74,21,0
74,22,1
74,23,1
74,24,0
74,25,1
74,26,1
74,27,1
74,28,1
74,29,1
74,30,0
74,31,0
74,32,0
74,33,0
74,34,0
74,35,0
74,36,1
74,37,1
74,38,1
74,39,0
74,40,0
74,41,0
74,42,1
74,43,1
74,44,1
74,45,1
74,46,0
74,47,1
74,48,1
74,49,1
74,50,1
74,51,1
74,52,1
74,53,0
74,54,0
74,55,0
74,56,1
74,57,1
74,58,1
74,59,1
74,60,1
74,61,0
74,62,0
74,63,0
74,64,0
74,65,0
74,66,0
74,67,0
74,68,0
74,69,0
74,70,0
74,71,0
74,72,0
74,73,0
74,74,0
