0,0,0
0,1,0
0,2,0
0,3,0
0,4,0
0,5,0
0,6,0
0,7,0
0,8,0
0,9,0
0,10,0
0,11,0
0,12,0
0,13,0
0,14,0
0,15,0
0,16,0
0,17,0
0,18,0
0,19,0
0,20,0
0,21,0
0,22,0
0,23,0
0,24,0
0,25,0
0,26,0
0,27,0
0,28,0
0,29,0
0,30,0
0,31,0
0,32,0
0,33,0
0,34,0
0,35,0
0,36,0
0,37,0
0,38,0
0,39,0
0,40,0
0,41,0
0,42,0
0,43,0
0,44,0
0,45,0
0,46,0
0,47,0
0,48,0
0,49,0
0,50,0
0,51,0
0,52,0
0,53,0
0,54,0
0,55,0
0,56,0
0,57,0
0,58,0
0,59,0
0,60,0
0,61,0
0,62,0
0,63,0
0,64,0
0,65,0
0,66,0
0,67,0
0,68,0
0,69,0
0,70,0
0,71,0
0,72,0
0,73,0
0,74,0
0,75,0
0,76,0
1,0,0
1,1,0
1,2,0
1,3,0
1,4,0
1,5,0
1,6,0
1,7,0
1,8,0
1,9,0
1,10,0
1,11,0
1,12,0
1,13,0
1,14,0
1,15,0
1,16,0
1,17,0
1,18,0
1,19,0
1,20,0
1,21,0
1,22,0
1,23,0
1,24,0
1,25,0
1,26,0
1,27,0
1,28,0
1,29,0
1,30,0
1,31,0
1,32,0
1,33,0
1,34,0
1,35,0
1,36,0
1,37,1
1,38,1
1,39,1
1,40,0
1,41,0
1,42,0
1,43,0
1,44,0
1,45,0
1,46,0
1,47,0
1,48,0
1,49,0
1,50,0
1,51,0
1,52,0
1,53,0
1,54,0
1,55,0
1,56,0
1,57,0
1,58,0
1,59,0
1,60,0
1,61,0
1,62,0
1,63,0
1,64,0
1,65,0
1,66,0
1,67,0
1,68,0
1,69,0
1,70,0
1,71,0
1,72,0
1,73,0
1,74,0
1,75,0
1,76,0
2,0,0
2,1,0
2,2,0
2,3,0
2,4,0
2,5,0
2,6,0
2,7,0
2,8,0
2,9,0
2,10,0
2,11,0
2,12,0
2,13,0
2,14,0
2,15,0
2,16,0
2,17,0
2,18,0
2,19,0
2,20,0
2,21,0
2,22,0
2,23,0
2,24,0
2,25,0
2,26,0
2,27,0
2,28,0
2,29,0
2,30,0
2,31,0
2,32,0
2,33,0
2,34,0
2,35,0
2,36,1
2,37,1
2,38,1
2,39,1
2,40,1
2,41,0
2,42,0
2,43,0
2,44,0
2,45,1
2,46,1
2,47,0
2,48,0
2,49,0
2,50,0
2,51,0
2,52,0
2,53,0
2,54,0
2,55,0
2,56,0
2,57,0
2,58,0
2,59,0
2,60,0
2,61,0
2,62,0
2,63,0
2,64,0
2,65,0
2,66,0
2,67,0
2,68,0
2,69,0
2,70,0
2,71,0
2,72,0
2,73,0
2,74,0
2,75,0
2,76,0
3,0,0
3,1,0
3,2,0
3,3,0
3,4,0
3,5,0
3,6,0
3,7,0
3,8,0
3,9,0
3,10,0
3,11,0
3,12,0
3,13,0
3,14,0
3,15,0
3,16,0
3,17,0
3,18,0
3,19,0
3,20,0
3,21,0
3,22,0
3,23,0
3,24,0
3,25,0
3,26,1
3,27,1
3,28,0
3,29,0
3,30,0
3,31,0
3,32,0
3,33,0
3,34,0
3,35,0
3,36,1
3,37,1
3,38,1
3,39,1
3,40,1
3,41,0
3,42,0
3,43,0
3,44,1
3,45,1
3,46,1
3,47,1
3,48,0
3,49,0
3,50,0
3,51,0
3,52,0
3,53,0
3,54,0
3,55,0
3,56,0
3,57,0
3,58,0
3,59,0
3,60,0
3,61,0
3,62,0
3,63,0
3,64,0
3,65,0
3,66,0
3,67,0
3,68,0
3,69,0
3,70,0
3,71,0
3,72,0
3,73,0
3,74,0
3,75,0
3,76,0
4,0,0
4,1,0
4,2,0
4,3,0
4,4,0
4,5,0
4,6,0
4,7,0
4,8,0
4,9,0
4,10,0
4,11,0
4,12,0
4,13,0
4,14,0
4,15,0
4,16,0
4,17,0
4,18,0
4,19,0
4,20,0
4,21,0
4,22,0
4,23,0
4,24,0
4,25,1
4,26,1
4,27,1
4,28,1
4,29,0
4,30,0
4,31,0
4,32,0
4,33,0
4,34,0
4,35,0
4,36,0
4,37,1
4,38,1
4,39,1
4,40,1
4,41,1
4,42,1
4,43,1
4,44,1
4,45,1
4,46,1
4,47,1
4,48,1
4,49,0
4,50,0
4,51,0
4,52,0
4,53,0
4,54,0
4,55,0
4,56,0
4,57,0
4,58,0
4,59,0
4,60,0
4,61,0
4,62,0
4,63,0
4,64,0
4,65,0
4,66,0
4,67,0
4,68,0
4,69,0
4,70,0
4,71,0
4,72,0
4,73,0
4,74,0
4,75,0
4,76,0
5,0,0
5,1,0
5,2,0
5,3,0
5,4,0
5,5,0
5,6,0
5,7,0
5,8,0
5,9,0
5,10,0
5,11,0
5,12,1
5,13,1
5,14,1
5,15,0
5,16,0
5,17,0
5,18,0
5,19,0
5,20,0
5,21,0
5,22,0
5,23,0
5,24,0
5,25,1
5,26,1
5,27,1
5,28,1
5,29,1
5,30,0
5,31,0
5,32,0
5,33,0
5,34,0
5,35,0
5,36,0
5,37,0
5,38,1
5,39,1
5,40,1
5,41,1
5,42,1
5,43,1
5,44,1
5,45,1
5,46,1
5,47,1
5,48,1
5,49,1
5,50,0
5,51,0
5,52,0
5,53,0
5,54,0
5,55,0
5,56,0
5,57,0
5,58,0
5,59,0
5,60,0
5,61,0
5,62,0
5,63,0
5,64,0
5,65,0
5,66,0
5,67,0
5,68,0
5,69,0
5,70,0
5,71,0
5,72,0
5,73,0
5,74,0
5,75,0
5,76,0
6,0,0
6,1,0
6,2,0
6,3,0
6,4,0
6,5,0
6,6,0
6,7,0
6,8,0
6,9,0
6,10,0
6,11,1
6,12,1
6,13,1
6,14,1
6,15,1
6,16,0
6,17,0
6,18,0
6,19,0
6,20,0
6,21,0
6,22,0
6,23,0
6,24,0
6,25,1
6,26,1
6,27,1
6,28,1
6,29,1
6,30,0
6,31,0
6,32,0
6,33,0
6,34,0
6,35,0
6,36,0
6,37,0
6,38,0
6,39,0
6,40,0
6,41,0
6,42,1
6,43,1
6,44,1
6,45,1
6,46,1
6,47,1
6,48,1
6,49,1
6,50,1
6,51,0
6,52,0
6,53,0
6,54,0
6,55,0
6,56,0
6,57,0
6,58,0
6,59,0
6,60,0
6,61,0
6,62,0
6,63,0
6,64,0
6,65,0
6,66,0
6,67,0
6,68,0
6,69,0
6,70,0
6,71,0
6,72,0
6,73,0
6,74,0
6,75,0
6,76,0
7,0,0
7,1,0
7,2,0
7,3,0
7,4,0
7,5,0
7,6,0
7,7,0
7,8,1
7,9,1
7,10,1
7,11,1
7,12,1
7,13,1
7,14,1
7,15,1
7,16,0
7,17,0
7,18,0
7,19,0
7,20,0
7,21,1
7,22,1
7,23,0
7,24,1
7,25,1
7,26,1
7,27,1
7,28,1
7,29,0
7,30,0
7,31,0
7,32,0
7,33,0
7,34,0
7,35,0
7,36,0
7,37,0
7,38,0
7,39,0
7,40,0
7,41,0
7,42,0
7,43,1
7,44,1
7,45,1
7,46,1
7,47,1
7,48,1
7,49,1
7,50,1
7,51,1
7,52,0
7,53,0
7,54,0
7,55,0
7,56,0
7,57,0
7,58,0
7,59,0
7,60,0
7,61,0
7,62,0
7,63,0
7,64,0
7,65,0
7,66,1
7,67,1
7,68,0
7,69,0
7,70,0
7,71,0
7,72,0
7,73,0
7,74,0
7,75,0
7,76,0
8,0,0
8,1,0
8,2,0
8,3,0
8,4,0
8,5,0
8,6,0
8,7,1
8,8,1
8,9,1
8,10,1
8,11,1
8,12,1
8,13,1
8,14,1
8,15,0
8,16,0
8,17,0
8,18,0
8,19,0
8,20,1
8,21,1
8,22,1
8,23,1
8,24,1
8,25,1
8,26,1
8,27,1
8,28,0
8,29,0
8,30,0
8,31,0
8,32,0
8,33,0
8,34,0
8,35,0
8,36,0
8,37,0
8,38,0
8,39,0
8,40,0
8,41,0
8,42,0
8,43,1
8,44,1
8,45,1
8,46,1
8,47,1
8,48,1
8,49,1
8,50,1
8,51,1
8,52,1
8,53,0
8,54,0
8,55,0
8,56,0
8,57,0
8,58,0
8,59,0
8,60,0
8,61,0
8,62,0
8,63,0
8,64,0
8,65,1
8,66,1
8,67,1
8,68,1
8,69,0
8,70,0
8,71,0
8,72,0
8,73,0
8,74,0
8,75,0
8,76,0
9,0,0
9,1,0
9,2,0
9,3,0
9,4,0
9,5,0
9,6,0
9,7,1
9,8,1
9,9,1
9,10,1
9,11,1
9,12,1
9,13,1
9,14,1
9,15,0
9,16,0
9,17,0
9,18,0
9,19,1
9,20,1
9,21,1
9,22,1
9,23,1
9,24,1
9,25,1
9,26,1
9,27,1
9,28,1
9,29,0
9,30,1
9,31,1
9,32,0
9,33,0
9,34,0
9,35,0
9,36,0
9,37,0
9,38,0
9,39,0
9,40,0
9,41,0
9,42,0
9,43,0
9,44,1
9,45,1
9,46,1
9,47,1
9,48,1
9,49,1
9,50,1
9,51,1
9,52,1
9,53,0
9,54,0
9,55,0
9,56,0
9,57,0
9,58,0
9,59,0
9,60,0
9,61,0
9,62,0
9,63,0
9,64,0
9,65,1
9,66,1
9,67,1
9,68,1
9,69,1
9,70,0
9,71,0
9,72,0
9,73,0
9,74,0
9,75,0
9,76,0
10,0,0
10,1,0
10,2,0
10,3,0
10,4,0
10,5,0
10,6,0
10,7,0
10,8,1
10,9,1
10,10,1
10,11,1
10,12,1
10,13,1
10,14,1
10,15,0
10,16,0
10,17,0
10,18,0
10,19,1
10,20,1
10,21,1
10,22,0
10,23,0
10,24,1
10,25,1
10,26,1
10,27,1
10,28,1
10,29,1
10,30,1
10,31,1
10,32,1
10,33,0
10,34,0
10,35,0
10,36,0
10,37,0
10,38,0
10,39,0
10,40,0
10,41,0
10,42,0
10,43,1
10,44,1
10,45,1
10,46,1
10,47,1
10,48,1
10,49,1
10,50,1
10,51,1
10,52,1
10,53,0
10,54,0
10,55,0
10,56,0
10,57,0
10,58,0
10,59,0
10,60,0
10,61,0
10,62,0
10,63,0
10,64,0
10,65,0
10,66,1
10,67,1
10,68,1
10,69,1
10,70,0
10,71,0
10,72,0
10,73,0
10,74,0
10,75,0
10,76,0
11,0,0
11,1,0
11,2,0
11,3,0
11,4,0
11,5,0
11,6,0
11,7,0
11,8,1
11,9,1
11,10,1
11,11,1
11,12,1
11,13,1
11,14,1
11,15,0
11,16,0
11,17,1
11,18,1
11,19,1
11,20,1
11,21,1
11,22,0
11,23,0
11,24,1
11,25,1
11,26,1
11,27,1
11,28,1
11,29,1
11,30,1
11,31,1
11,32,1
11,33,1
11,34,0
11,35,0
11,36,0
11,37,0
11,38,0
11,39,0
11,40,0
11,41,0
11,42,1
11,43,1
11,44,1
11,45,1
11,46,1
11,47,1
11,48,1
11,49,1
11,50,1
11,51,1
11,52,1
11,53,0
11,54,0
11,55,0
11,56,0
11,57,0
11,58,0
11,59,0
11,60,0
11,61,0
11,62,0
11,63,0
11,64,0
11,65,0
11,66,0
11,67,1
11,68,1
11,69,1
11,70,0
11,71,0
11,72,0
11,73,0
11,74,0
11,75,0
11,76,0
12,0,0
12,1,0
12,2,0
12,3,0
12,4,0
12,5,0
12,6,0
12,7,0
12,8,1
12,9,1
12,10,1
12,11,1
12,12,1
12,13,1
12,14,1
12,15,1
12,16,1
12,17,1
12,18,1
12,19,1
12,20,1
12,21,1
12,22,1
12,23,1
12,24,1
12,25,1
12,26,1
12,27,1
12,28,1
12,29,1
12,30,1
12,31,1
12,32,1
12,33,1
12,34,0
12,35,0
12,36,0
12,37,0
12,38,0
12,39,0
12,40,0
12,41,1
12,42,1
12,43,1
12,44,1
12,45,1
12,46,1
12,47,1
12,48,1
12,49,1
12,50,1
12,51,1
12,52,1
12,53,0
12,54,0
12,55,0
12,56,0
12,57,0
12,58,0
12,59,0
12,60,0
12,61,0
12,62,0
12,63,0
12,64,0
12,65,0
12,66,1
12,67,1
12,68,1
12,69,0
12,70,0
12,71,0
12,72,0
12,73,0
12,74,0
12,75,0
12,76,0
13,0,0
13,1,0
13,2,0
13,3,0
13,4,0
13,5,0
13,6,0
13,7,0
13,8,1
13,9,1
13,10,1
13,11,1
13,12,1
13,13,1
13,14,1
13,15,1
13,16,1
13,17,1
13,18,0
13,19,0
13,20,1
13,21,1
13,22,1
13,23,1
13,24,1
13,25,1
13,26,1
13,27,1
13,28,1
13,29,1
13,30,1
13,31,1
13,32,1
13,33,1
13,34,0
13,35,0
13,36,0
13,37,0
13,38,0
13,39,0
13,40,1
13,41,1
13,42,1
13,43,1
13,44,1
13,45,1
13,46,1
13,47,1
13,48,1
13,49,1
13,50,1
13,51,1
13,52,1
13,53,0
13,54,0
13,55,0
13,56,0
13,57,0
13,58,0
13,59,0
13,60,0
13,61,0
13,62,0
13,63,0
13,64,1
13,65,1
13,66,1
13,67,1
13,68,0
13,69,0
13,70,0
13,71,0
13,72,0
13,73,0
13,74,0
13,75,0
13,76,0
14,0,0
14,1,0
14,2,0
14,3,0
14,4,0
14,5,0
14,6,0
14,7,0
14,8,1
14,9,1
14,10,1
14,11,1
14,12,1
14,13,1
14,14,1
14,15,1
14,16,1
14,17,1
14,18,0
14,19,0
14,20,1
14,21,1
14,22,1
14,23,1
14,24,1
14,25,1
14,26,1
14,27,1
14,28,1
14,29,1
14,30,1
14,31,1
14,32,1
14,33,1
14,34,0
14,35,0
14,36,0
14,37,0
14,38,0
14,39,1
14,40,1
14,41,1
14,42,1
14,43,1
14,44,1
14,45,1
14,46,1
14,47,1
14,48,1
14,49,1
14,50,1
14,51,1
14,52,1
14,53,0
14,54,0
14,55,0
14,56,0
14,57,0
14,58,0
14,59,0
14,60,0
14,61,0
14,62,0
14,63,1
14,64,1
14,65,1
14,66,1
14,67,0
14,68,0
14,69,0
14,70,0
14,71,0
14,72,0
14,73,0
14,74,0
14,75,0
14,76,0
15,0,0
15,1,0
15,2,0
15,3,0
15,4,0
15,5,0
15,6,0
15,7,0
15,8,0
15,9,1
15,10,1
15,11,1
15,12,1
15,13,1
15,14,1
15,15,1
15,16,1
15,17,0
15,18,0
15,19,0
15,20,1
15,21,1
15,22,1
15,23,1
15,24,1
15,25,1
15,26,1
15,27,1
15,28,1
15,29,1
15,30,1
15,31,1
15,32,1
15,33,1
15,34,0
15,35,0
15,36,0
15,37,0
15,38,1
15,39,1
15,40,1
15,41,1
15,42,1
15,43,1
15,44,1
15,45,0
15,46,0
15,47,0
15,48,1
15,49,1
15,50,1
15,51,1
15,52,1
15,53,0
15,54,0
15,55,0
15,56,0
15,57,0
15,58,0
15,59,0
15,60,0
15,61,0
15,62,0
15,63,1
15,64,1
15,65,1
15,66,1
15,67,0
15,68,0
15,69,0
15,70,0
15,71,0
15,72,0
15,73,0
15,74,0
15,75,0
15,76,0
16,0,0
16,1,0
16,2,0
16,3,0
16,4,0
16,5,0
16,6,0
16,7,0
16,8,0
16,9,0
16,10,1
16,11,1
16,12,1
16,13,1
16,14,1
16,15,1
16,16,0
16,17,0
16,18,0
16,19,0
16,20,1
16,21,1
16,22,1
16,23,1
16,24,1
16,25,1
16,26,1
16,27,1
16,28,1
16,29,1
16,30,1
16,31,1
16,32,1
16,33,1
16,34,0
16,35,0
16,36,0
16,37,0
16,38,1
16,39,1
16,40,1
16,41,1
16,42,1
16,43,1
16,44,1
16,45,0
16,46,0
16,47,0
16,48,1
16,49,1
16,50,1
16,51,1
16,52,1
16,53,1
16,54,0
16,55,0
16,56,0
16,57,0
16,58,0
16,59,0
16,60,0
16,61,0
16,62,0
16,63,0
16,64,1
16,65,1
16,66,1
16,67,0
16,68,0
16,69,0
16,70,0
16,71,0
16,72,0
16,73,0
16,74,0
16,75,0
16,76,0
17,0,0
17,1,0
17,2,0
17,3,0
17,4,0
17,5,0
17,6,0
17,7,0
17,8,0
17,9,0
17,10,1
17,11,1
17,12,1
17,13,1
17,14,1
17,15,0
17,16,0
17,17,0
17,18,0
17,19,0
17,20,0
17,21,1
17,22,1
17,23,1
17,24,1
17,25,1
17,26,1
17,27,1
17,28,1
17,29,1
17,30,1
17,31,1
17,32,1
17,33,1
17,34,1
17,35,0
17,36,0
17,37,0
17,38,0
17,39,1
17,40,1
17,41,1
17,42,1
17,43,1
17,44,0
17,45,0
17,46,0
17,47,0
17,48,1
17,49,1
17,50,1
17,51,1
17,52,1
17,53,1
17,54,1
17,55,0
17,56,0
17,57,0
17,58,0
17,59,0
17,60,0
17,61,0
17,62,0
17,63,0
17,64,1
17,65,1
17,66,1
17,67,0
17,68,0
17,69,0
17,70,0
17,71,0
17,72,0
17,73,0
17,74,0
17,75,0
17,76,0
18,0,0
18,1,0
18,2,0
18,3,0
18,4,0
18,5,1
18,6,1
18,7,0
18,8,0
18,9,1
18,10,1
18,11,1
18,12,1
18,13,1
18,14,0
18,15,0
18,16,0
18,17,0
18,18,0
18,19,0
18,20,0
18,21,1
18,22,1
18,23,1
18,24,1
18,25,1
18,26,1
18,27,1
18,28,1
18,29,1
18,30,1
18,31,1
18,32,1
18,33,1
18,34,1
18,35,1
18,36,0
18,37,0
18,38,1
18,39,1
18,40,1
18,41,0
18,42,0
18,43,0
18,44,0
18,45,0
18,46,0
18,47,0
18,48,1
18,49,1
18,50,1
18,51,1
18,52,1
18,53,1
18,54,1
18,55,0
18,56,0
18,57,0
18,58,0
18,59,0
18,60,0
18,61,0
18,62,0
18,63,0
18,64,1
18,65,1
18,66,1
18,67,1
18,68,1
18,69,1
18,70,0
18,71,0
18,72,0
18,73,0
18,74,0
18,75,0
18,76,0
19,0,0
19,1,0
19,2,0
19,3,0
19,4,1
19,5,1
19,6,1
19,7,1
19,8,1
19,9,1
19,10,1
19,11,1
19,12,0
19,13,0
19,14,0
19,15,0
19,16,0
19,17,0
19,18,0
19,19,0
19,20,1
19,21,1
19,22,1
19,23,1
19,24,1
19,25,1
19,26,1
19,27,1
19,28,1
19,29,1
19,30,1
19,31,1
19,32,1
19,33,1
19,34,1
19,35,1
19,36,1
19,37,1
19,38,1
19,39,1
19,40,0
19,41,0
19,42,0
19,43,0
19,44,0
19,45,0
19,46,0
19,47,0
19,48,0
19,49,1
19,50,1
19,51,1
19,52,1
19,53,1
19,54,1
19,55,0
19,56,0
19,57,0
19,58,0
19,59,0
19,60,0
19,61,0
19,62,0
19,63,0
19,64,0
19,65,1
19,66,1
19,67,1
19,68,1
19,69,1
19,70,1
19,71,0
19,72,0
19,73,0
19,74,0
19,75,0
19,76,0
20,0,0
20,1,0
20,2,0
20,3,0
20,4,1
20,5,1
20,6,1
20,7,1
20,8,1
20,9,1
20,10,1
20,11,0
20,12,0
20,13,0
20,14,0
20,15,0
20,16,0
20,17,0
20,18,0
20,19,0
20,20,1
20,21,1
20,22,1
20,23,1
20,24,1
20,25,1
20,26,1
20,27,1
20,28,1
20,29,1
20,30,1
20,31,0
20,32,0
20,33,1
20,34,1
20,35,1
20,36,1
20,37,1
20,38,1
20,39,0
20,40,0
20,41,0
20,42,0
20,43,0
20,44,0
20,45,0
20,46,0
20,47,0
20,48,0
20,49,1
20,50,1
20,51,1
20,52,1
20,53,1
20,54,1
20,55,1
20,56,0
20,57,0
20,58,0
20,59,0
20,60,0
20,61,1
20,62,1
20,63,0
20,64,1
20,65,1
20,66,1
20,67,1
20,68,1
20,69,1
20,70,1
20,71,0
20,72,0
20,73,0
20,74,0
20,75,0
20,76,0
21,0,0
21,1,0
21,2,0
21,3,0
21,4,1
21,5,1
21,6,1
21,7,1
21,8,1
21,9,1
21,10,0
21,11,0
21,12,0
21,13,0
21,14,0
21,15,0
21,16,0
21,17,0
21,18,0
21,19,0
21,20,1
21,21,1
21,22,1
21,23,1
21,24,1
21,25,1
21,26,1
21,27,1
21,28,1
21,29,1
21,30,0
21,31,0
21,32,0
21,33,0
21,34,1
21,35,1
21,36,1
21,37,1
21,38,1
21,39,0
21,40,0
21,41,0
21,42,0
21,43,0
21,44,0
21,45,0
21,46,0
21,47,0
21,48,0
21,49,1
21,50,1
21,51,1
21,52,1
21,53,1
21,54,1
21,55,1
21,56,0
21,57,0
21,58,0
21,59,0
21,60,1
21,61,1
21,62,1
21,63,1
21,64,1
21,65,1
21,66,1
21,67,1
21,68,1
21,69,1
21,70,1
21,71,1
21,72,0
21,73,0
21,74,0
21,75,0
21,76,0
22,0,0
22,1,0
22,2,0
22,3,0
22,4,1
22,5,1
22,6,1
22,7,1
22,8,0
22,9,0
22,10,0
22,11,0
22,12,0
22,13,0
22,14,0
22,15,0
22,16,0
22,17,0
22,18,0
22,19,0
22,20,1
22,21,1
22,22,1
22,23,1
22,24,1
22,25,1
22,26,1
22,27,1
22,28,0
22,29,0
22,30,0
22,31,0
22,32,0
22,33,0
22,34,0
22,35,0
22,36,0
22,37,0
22,38,1
22,39,1
22,40,1
22,41,0
22,42,0
22,43,0
22,44,0
22,45,0
22,46,0
22,47,0
22,48,0
22,49,1
22,50,1
22,51,1
22,52,1
22,53,1
22,54,1
22,55,1
22,56,1
22,57,0
22,58,0
22,59,0
22,60,1
22,61,1
22,62,1
22,63,1
22,64,1
22,65,1
22,66,1
22,67,1
22,68,1
22,69,1
22,70,1
22,71,1
22,72,0
22,73,0
22,74,0
22,75,0
22,76,0
23,0,0
23,1,0
23,2,0
23,3,0
23,4,0
23,5,1
23,6,1
23,7,0
23,8,0
23,9,0
23,10,0
23,11,0
23,12,0
23,13,0
23,14,0
23,15,0
23,16,0
23,17,0
23,18,0
23,19,0
23,20,1
23,21,1
23,22,1
23,23,1
23,24,1
23,25,1
23,26,1
23,27,0
23,28,0
23,29,0
23,30,0
23,31,0
23,32,0
23,33,0
23,34,0
23,35,0
23,36,0
23,37,0
23,38,1
23,39,1
23,40,1
23,41,1
23,42,0
23,43,0
23,44,0
23,45,0
23,46,0
23,47,0
23,48,0
23,49,0
23,50,1
23,51,1
23,52,1
23,53,0
23,54,1
23,55,1
23,56,1
23,57,1
23,58,0
23,59,1
23,60,1
23,61,0
23,62,0
23,63,1
23,64,1
23,65,1
23,66,1
23,67,1
23,68,1
23,69,1
23,70,1
23,71,1
23,72,1
23,73,0
23,74,0
23,75,0
23,76,0
24,0,0
24,1,0
24,2,0
24,3,0
24,4,0
24,5,0
24,6,0
24,7,0
24,8,0
24,9,0
24,10,0
24,11,0
24,12,0
24,13,0
24,14,0
24,15,0
24,16,0
24,17,0
24,18,0
24,19,0
24,20,0
24,21,1
24,22,1
24,23,1
24,24,1
24,25,1
24,26,0
24,27,0
24,28,0
24,29,0
24,30,0
24,31,0
24,32,0
24,33,0
24,34,0
24,35,0
24,36,1
24,37,1
24,38,1
24,39,1
24,40,1
24,41,1
24,42,1
24,43,1
24,44,1
24,45,1
24,46,1
24,47,0
24,48,0
24,49,0
24,50,0
24,51,0
24,52,0
24,53,0
24,54,0
24,55,1
24,56,1
24,57,1
24,58,1
24,59,1
24,60,1
24,61,0
24,62,0
24,63,1
24,64,1
24,65,1
24,66,1
24,67,1
24,68,1
24,69,1
24,70,1
24,71,1
24,72,1
24,73,1
24,74,0
24,75,0
24,76,0
25,0,0
25,1,0
25,2,0
25,3,0
25,4,0
25,5,0
25,6,0
25,7,0
25,8,0
25,9,0
25,10,0
25,11,0
25,12,0
25,13,0
25,14,0
25,15,0
25,16,0
25,17,0
25,18,0
25,19,0
25,20,0
25,21,1
25,22,1
25,23,1
25,24,1
25,25,0
25,26,0
25,27,0
25,28,0
25,29,0
25,30,0
25,31,0
25,32,0
25,33,0
25,34,0
25,35,1
25,36,1
25,37,1
25,38,1
25,39,1
25,40,1
25,41,1
25,42,1
25,43,1
25,44,1
25,45,1
25,46,1
25,47,1
25,48,0
25,49,0
25,50,0
25,51,0
25,52,0
25,53,0
25,54,0
25,55,0
25,56,1
25,57,1
25,58,1
25,59,1
25,60,0
25,61,0
25,62,0
25,63,0
25,64,1
25,65,1
25,66,1
25,67,1
25,68,1
25,69,1
25,70,1
25,71,1
25,72,1
25,73,1
25,74,1
25,75,0
25,76,0
26,0,0
26,1,0
26,2,0
26,3,0
26,4,0
26,5,0
26,6,0
26,7,0
26,8,0
26,9,0
26,10,0
26,11,0
26,12,0
26,13,0
26,14,0
26,15,0
26,16,0
26,17,0
26,18,0
26,19,0
26,20,0
26,21,1
26,22,1
26,23,1
26,24,1
26,25,0
26,26,0
26,27,0
26,28,0
26,29,0
26,30,0
26,31,0
26,32,0
26,33,0
26,34,0
26,35,1
26,36,1
26,37,1
26,38,1
26,39,1
26,40,1
26,41,1
26,42,1
26,43,1
26,44,1
26,45,1
26,46,1
26,47,1
26,48,1
26,49,0
26,50,0
26,51,0
26,52,0
26,53,0
26,54,0
26,55,0
26,56,1
26,57,1
26,58,1
26,59,1
26,60,0
26,61,0
26,62,0
26,63,0
26,64,0
26,65,1
26,66,1
26,67,1
26,68,1
26,69,1
26,70,1
26,71,1
26,72,1
26,73,1
26,74,1
26,75,0
26,76,0
27,0,0
27,1,0
27,2,0
27,3,0
27,4,0
27,5,0
27,6,1
27,7,1
27,8,0
27,9,0
27,10,0
27,11,0
27,12,0
27,13,0
27,14,0
27,15,0
27,16,0
27,17,0
27,18,0
27,19,0
27,20,0
27,21,0
27,22,1
27,23,1
27,24,0
27,25,0
27,26,0
27,27,0
27,28,0
27,29,0
27,30,0
27,31,0
27,32,0
27,33,0
27,34,0
27,35,0
27,36,1
27,37,1
27,38,1
27,39,1
27,40,1
27,41,1
27,42,1
27,43,1
27,44,1
27,45,1
27,46,1
27,47,1
27,48,1
27,49,1
27,50,0
27,51,0
27,52,0
27,53,0
27,54,0
27,55,0
27,56,1
27,57,1
27,58,1
27,59,1
27,60,1
27,61,1
27,62,0
27,63,0
27,64,1
27,65,1
27,66,1
27,67,1
27,68,1
27,69,1
27,70,1
27,71,1
27,72,1
27,73,1
27,74,1
27,75,1
27,76,0
28,0,0
28,1,0
28,2,0
28,3,0
28,4,0
28,5,1
28,6,1
28,7,1
28,8,1
28,9,0
28,10,0
28,11,0
28,12,0
28,13,0
28,14,0
28,15,0
28,16,0
28,17,0
28,18,0
28,19,0
28,20,0
28,21,0
28,22,1
28,23,1
28,24,0
28,25,0
28,26,0
28,27,0
28,28,0
28,29,0
28,30,0
28,31,0
28,32,0
28,33,0
28,34,0
28,35,1
28,36,1
28,37,1
28,38,1
28,39,1
28,40,1
28,41,1
28,42,1
28,43,1
28,44,1
28,45,1
28,46,1
28,47,1
28,48,1
28,49,1
28,50,0
28,51,0
28,52,0
28,53,0
28,54,0
28,55,0
28,56,1
28,57,1
28,58,1
28,59,1
28,60,1
28,61,1
28,62,1
28,63,1
28,64,1
28,65,1
28,66,1
28,67,1
28,68,1
28,69,1
28,70,1
28,71,1
28,72,1
28,73,1
28,74,1
28,75,1
28,76,0
29,0,0
29,1,0
29,2,0
29,3,0
29,4,0
29,5,1
29,6,1
29,7,1
29,8,1
29,9,1
29,10,0
29,11,0
29,12,0
29,13,0
29,14,0
29,15,0
29,16,0
29,17,0
29,18,0
29,19,0
29,20,0
29,21,1
29,22,1
29,23,1
29,24,1
29,25,0
29,26,0
29,27,0
29,28,0
29,29,0
29,30,0
29,31,0
29,32,0
29,33,0
29,34,0
29,35,1
29,36,1
29,37,1
29,38,1
29,39,1
29,40,1
29,41,1
29,42,1
29,43,1
29,44,1
29,45,1
29,46,1
29,47,1
29,48,1
29,49,0
29,50,0
29,51,0
29,52,0
29,53,0
29,54,0
29,55,0
29,56,1
29,57,1
29,58,1
29,59,1
29,60,1
29,61,1
29,62,1
29,63,1
29,64,1
29,65,1
29,66,1
29,67,1
29,68,1
29,69,1
29,70,1
29,71,1
29,72,1
29,73,1
29,74,1
29,75,1
29,76,0
30,0,0
30,1,0
30,2,0
30,3,0
30,4,1
30,5,1
30,6,1
30,7,1
30,8,1
30,9,1
30,10,1
30,11,0
30,12,0
30,13,0
30,14,0
30,15,0
30,16,0
30,17,0
30,18,0
30,19,0
30,20,0
30,21,1
30,22,1
30,23,1
30,24,1
30,25,1
30,26,1
30,27,0
30,28,0
30,29,1
30,30,1
30,31,1
30,32,0
30,33,0
30,34,0
30,35,1
30,36,1
30,37,1
30,38,1
30,39,1
30,40,1
30,41,1
30,42,1
30,43,1
30,44,0
30,45,0
30,46,1
30,47,1
30,48,0
30,49,0
30,50,0
30,51,0
30,52,0
30,53,0
30,54,0
30,55,0
30,56,0
30,57,1
30,58,1
30,59,1
30,60,1
30,61,1
30,62,1
30,63,1
30,64,1
30,65,1
30,66,1
30,67,1
30,68,1
30,69,1
30,70,1
30,71,1
30,72,1
30,73,1
30,74,1
30,75,0
30,76,0
31,0,0
31,1,0
31,2,0
31,3,1
31,4,1
31,5,1
31,6,1
31,7,1
31,8,1
31,9,1
31,10,1
31,11,0
31,12,0
31,13,0
31,14,0
31,15,0
31,16,0
31,17,0
31,18,0
31,19,0
31,20,0
31,21,1
31,22,1
31,23,1
31,24,1
31,25,1
31,26,1
31,27,1
31,28,1
31,29,1
31,30,1
31,31,1
31,32,1
31,33,0
31,34,0
31,35,1
31,36,1
31,37,1
31,38,1
31,39,1
31,40,1
31,41,1
31,42,1
31,43,0
31,44,0
31,45,0
31,46,1
31,47,1
31,48,0
31,49,0
31,50,0
31,51,0
31,52,0
31,53,0
31,54,0
31,55,0
31,56,0
31,57,0
31,58,0
31,59,1
31,60,1
31,61,1
31,62,1
31,63,1
31,64,1
31,65,1
31,66,1
31,67,1
31,68,1
31,69,1
31,70,1
31,71,1
31,72,1
31,73,0
31,74,0
31,75,0
31,76,0
32,0,0
32,1,0
32,2,1
32,3,1
32,4,1
32,5,1
32,6,1
32,7,1
32,8,1
32,9,1
32,10,1
32,11,0
32,12,0
32,13,0
32,14,0
32,15,0
32,16,0
32,17,0
32,18,0
32,19,0
32,20,0
32,21,1
32,22,1
32,23,1
32,24,1
32,25,1
32,26,1
32,27,1
32,28,1
32,29,1
32,30,1
32,31,1
32,32,1
32,33,1
32,34,1
32,35,1
32,36,1
32,37,1
32,38,1
32,39,1
32,40,1
32,41,1
32,42,0
32,43,0
32,44,0
32,45,0
32,46,0
32,47,1
32,48,1
32,49,0
32,50,0
32,51,0
32,52,0
32,53,0
32,54,0
32,55,0
32,56,0
32,57,0
32,58,0
32,59,1
32,60,1
32,61,1
32,62,1
32,63,1
32,64,1
32,65,1
32,66,1
32,67,1
32,68,1
32,69,1
32,70,1
32,71,1
32,72,1
32,73,0
32,74,0
32,75,0
32,76,0
33,0,0
33,1,0
33,2,1
33,3,1
33,4,0
33,5,0
33,6,1
33,7,1
33,8,1
33,9,1
33,10,1
33,11,0
33,12,0
33,13,0
33,14,0
33,15,0
33,16,0
33,17,0
33,18,0
33,19,0
33,20,0
33,21,1
33,22,1
33,23,1
33,24,1
33,25,1
33,26,1
33,27,1
33,28,1
33,29,1
33,30,1
33,31,1
33,32,1
33,33,1
33,34,1
33,35,1
33,36,1
33,37,1
33,38,1
33,39,1
33,40,1
33,41,0
33,42,0
33,43,0
33,44,0
33,45,0
33,46,0
33,47,1
33,48,1
33,49,1
33,50,0
33,51,0
33,52,0
33,53,0
33,54,0
33,55,0
33,56,0
33,57,0
33,58,0
33,59,0
33,60,1
33,61,1
33,62,1
33,63,1
33,64,1
33,65,1
33,66,1
33,67,1
33,68,1
33,69,1
33,70,1
33,71,1
33,72,0
33,73,0
33,74,0
33,75,0
33,76,0
34,0,0
34,1,0
34,2,1
34,3,1
34,4,0
34,5,0
34,6,1
34,7,1
34,8,1
34,9,1
34,10,0
34,11,0
34,12,0
34,13,0
34,14,0
34,15,0
34,16,0
34,17,0
34,18,0
34,19,0
34,20,0
34,21,0
34,22,1
34,23,1
34,24,1
34,25,1
34,26,1
34,27,1
34,28,1
34,29,1
34,30,1
34,31,1
34,32,1
34,33,1
34,34,1
34,35,1
34,36,1
34,37,1
34,38,1
34,39,1
34,40,0
34,41,0
34,42,0
34,43,0
34,44,0
34,45,0
34,46,0
34,47,1
34,48,1
34,49,1
34,50,1
34,51,1
34,52,0
34,53,0
34,54,0
34,55,0
34,56,0
34,57,0
34,58,0
34,59,0
34,60,0
34,61,0
34,62,1
34,63,1
34,64,1
34,65,1
34,66,1
34,67,1
34,68,1
34,69,1
34,70,1
34,71,0
34,72,0
34,73,0
34,74,0
34,75,0
34,76,0
35,0,0
35,1,0
35,2,1
35,3,1
35,4,0
35,5,0
35,6,0
35,7,1
35,8,1
35,9,0
35,10,0
35,11,0
35,12,0
35,13,0
35,14,0
35,15,0
35,16,0
35,17,0
35,18,0
35,19,0
35,20,0
35,21,0
35,22,1
35,23,1
35,24,1
35,25,1
35,26,1
35,27,1
35,28,1
35,29,1
35,30,1
35,31,1
35,32,1
35,33,1
35,34,1
35,35,1
35,36,1
35,37,1
35,38,1
35,39,0
35,40,0
35,41,0
35,42,0
35,43,0
35,44,0
35,45,0
35,46,0
35,47,0
35,48,1
35,49,1
35,50,1
35,51,1
35,52,1
35,53,0
35,54,0
35,55,0
35,56,0
35,57,0
35,58,0
35,59,0
35,60,0
35,61,0
35,62,0
35,63,1
35,64,1
35,65,0
35,66,1
35,67,1
35,68,1
35,69,1
35,70,1
35,71,0
35,72,0
35,73,0
35,74,0
35,75,0
35,76,0
36,0,0
36,1,0
36,2,1
36,3,1
36,4,1
36,5,0
36,6,0
36,7,1
36,8,1
36,9,0
36,10,0
36,11,0
36,12,0
36,13,0
36,14,0
36,15,0
36,16,0
36,17,0
36,18,0
36,19,0
36,20,0
36,21,1
36,22,1
36,23,1
36,24,1
36,25,1
36,26,1
36,27,1
36,28,1
36,29,1
36,30,1
36,31,1
36,32,1
36,33,1
36,34,1
36,35,1
36,36,1
36,37,1
36,38,0
36,39,0
36,40,0
36,41,0
36,42,0
36,43,0
36,44,0
36,45,0
36,46,0
36,47,1
36,48,1
36,49,1
36,50,1
36,51,1
36,52,1
36,53,1
36,54,1
36,55,0
36,56,0
36,57,0
36,58,0
36,59,0
36,60,0
36,61,0
36,62,0
36,63,0
36,64,0
36,65,0
36,66,0
36,67,1
36,68,1
36,69,1
36,70,1
36,71,1
36,72,0
36,73,0
36,74,0
36,75,0
36,76,0
37,0,0
37,1,0
37,2,1
37,3,1
37,4,1
37,5,1
37,6,1
37,7,1
37,8,1
37,9,1
37,10,1
37,11,0
37,12,0
37,13,0
37,14,0
37,15,0
37,16,0
37,17,0
37,18,0
37,19,0
37,20,0
37,21,1
37,22,1
37,23,1
37,24,1
37,25,1
37,26,1
37,27,1
37,28,1
37,29,1
37,30,1
37,31,1
37,32,1
37,33,1
37,34,1
37,35,1
37,36,0
37,37,0
37,38,0
37,39,0
37,40,0
37,41,0
37,42,0
37,43,0
37,44,0
37,45,0
37,46,1
37,47,1
37,48,1
37,49,1
37,50,1
37,51,0
37,52,0
37,53,1
37,54,1
37,55,1
37,56,0
37,57,0
37,58,0
37,59,0
37,60,0
37,61,0
37,62,0
37,63,0
37,64,0
37,65,0
37,66,0
37,67,0
37,68,1
37,69,1
37,70,1
37,71,1
37,72,0
37,73,0
37,74,0
37,75,0
37,76,0
38,0,0
38,1,0
38,2,1
38,3,1
38,4,1
38,5,1
38,6,1
38,7,1
38,8,1
38,9,1
38,10,1
38,11,1
38,12,0
38,13,0
38,14,0
38,15,0
38,16,0
38,17,0
38,18,0
38,19,0
38,20,1
38,21,1
38,22,1
38,23,1
38,24,1
38,25,1
38,26,1
38,27,1
38,28,1
38,29,1
38,30,1
38,31,1
38,32,0
38,33,0
38,34,0
38,35,0
38,36,0
38,37,0
38,38,0
38,39,0
38,40,0
38,41,0
38,42,0
38,43,0
38,44,0
38,45,1
38,46,1
38,47,1
38,48,1
38,49,1
38,50,1
38,51,0
38,52,0
38,53,0
38,54,1
38,55,1
38,56,0
38,57,0
38,58,0
38,59,0
38,60,0
38,61,0
38,62,0
38,63,0
38,64,1
38,65,1
38,66,0
38,67,0
38,68,0
38,69,0
38,70,1
38,71,1
38,72,1
38,73,0
38,74,0
38,75,0
38,76,0
39,0,0
39,1,0
39,2,0
39,3,1
39,4,1
39,5,1
39,6,1
39,7,1
39,8,1
39,9,1
39,10,1
39,11,1
39,12,1
39,13,1
39,14,0
39,15,0
39,16,0
39,17,0
39,18,0
39,19,1
39,20,1
39,21,1
39,22,1
39,23,1
39,24,1
39,25,1
39,26,1
39,27,0
39,28,0
39,29,1
39,30,1
39,31,0
39,32,0
39,33,0
39,34,0
39,35,0
39,36,0
39,37,0
39,38,0
39,39,0
39,40,0
39,41,0
39,42,0
39,43,0
39,44,1
39,45,1
39,46,1
39,47,1
39,48,1
39,49,1
39,50,1
39,51,1
39,52,0
39,53,0
39,54,1
39,55,1
39,56,0
39,57,0
39,58,0
39,59,0
39,60,0
39,61,0
39,62,0
39,63,1
39,64,1
39,65,1
39,66,1
39,67,0
39,68,0
39,69,0
39,70,0
39,71,1
39,72,1
39,73,1
39,74,0
39,75,0
39,76,0
40,0,0
40,1,0
40,2,0
40,3,0
40,4,0
40,5,1
40,6,1
40,7,1
40,8,1
40,9,1
40,10,1
40,11,1
40,12,1
40,13,1
40,14,1
40,15,0
40,16,0
40,17,0
40,18,0
40,19,1
40,20,1
40,21,1
40,22,1
40,23,1
40,24,1
40,25,1
40,26,1
40,27,0
40,28,0
40,29,1
40,30,1
40,31,0
40,32,0
40,33,0
40,34,0
40,35,0
40,36,0
40,37,0
40,38,0
40,39,0
40,40,0
40,41,0
40,42,0
40,43,1
40,44,1
40,45,1
40,46,1
40,47,1
40,48,1
40,49,1
40,50,1
40,51,1
40,52,1
40,53,1
40,54,1
40,55,0
40,56,0
40,57,0
40,58,0
40,59,0
40,60,0
40,61,0
40,62,1
40,63,1
40,64,1
40,65,1
40,66,1
40,67,1
40,68,0
40,69,0
40,70,0
40,71,1
40,72,1
40,73,1
40,74,0
40,75,0
40,76,0
41,0,0
41,1,0
41,2,0
41,3,0
41,4,0
41,5,0
41,6,0
41,7,1
41,8,1
41,9,1
41,10,1
41,11,1
41,12,1
41,13,1
41,14,1
41,15,1
41,16,1
41,17,0
41,18,0
41,19,1
41,20,1
41,21,1
41,22,1
41,23,1
41,24,1
41,25,1
41,26,1
41,27,1
41,28,1
41,29,1
41,30,1
41,31,1
41,32,0
41,33,0
41,34,0
41,35,0
41,36,0
41,37,0
41,38,0
41,39,0
41,40,0
41,41,0
41,42,0
41,43,1
41,44,1
41,45,1
41,46,1
41,47,1
41,48,1
41,49,1
41,50,1
41,51,1
41,52,1
41,53,1
41,54,1
41,55,0
41,56,0
41,57,0
41,58,0
41,59,0
41,60,0
41,61,0
41,62,1
41,63,1
41,64,1
41,65,1
41,66,1
41,67,1
41,68,0
41,69,0
41,70,0
41,71,1
41,72,1
41,73,0
41,74,0
41,75,0
41,76,0
42,0,0
42,1,0
42,2,0
42,3,0
42,4,0
42,5,0
42,6,0
42,7,0
42,8,1
42,9,1
42,10,1
42,11,1
42,12,0
42,13,0
42,14,1
42,15,1
42,16,1
42,17,1
42,18,1
42,19,1
42,20,1
42,21,1
42,22,1
42,23,1
42,24,1
42,25,1
42,26,1
42,27,1
42,28,1
42,29,1
42,30,1
42,31,1
42,32,0
42,33,0
42,34,0
42,35,0
42,36,0
42,37,0
42,38,0
42,39,0
42,40,0
42,41,0
42,42,0
42,43,0
42,44,1
42,45,1
42,46,1
42,47,1
42,48,1
42,49,1
42,50,1
42,51,1
42,52,1
42,53,1
42,54,1
42,55,0
42,56,0
42,57,0
42,58,0
42,59,0
42,60,0
42,61,0
42,62,1
42,63,1
42,64,1
42,65,1
42,66,1
42,67,1
42,68,0
42,69,0
42,70,0
42,71,1
42,72,1
42,73,0
42,74,0
42,75,0
42,76,0
43,0,0
43,1,0
43,2,0
43,3,0
43,4,0
43,5,0
43,6,0
43,7,0
43,8,1
43,9,1
43,10,1
43,11,1
43,12,0
43,13,0
43,14,1
43,15,1
43,16,1
43,17,1
43,18,1
43,19,1
43,20,1
43,21,1
43,22,1
43,23,1
43,24,1
43,25,1
43,26,1
43,27,1
43,28,1
43,29,1
43,30,1
43,31,0
43,32,0
43,33,0
43,34,0
43,35,0
43,36,0
43,37,0
43,38,0
43,39,0
43,40,0
43,41,0
43,42,0
43,43,0
43,44,1
43,45,1
43,46,1
43,47,1
43,48,1
43,49,1
43,50,0
43,51,1
43,52,1
43,53,1
43,54,1
43,55,1
43,56,0
43,57,0
43,58,0
43,59,0
43,60,0
43,61,0
43,62,0
43,63,1
43,64,1
43,65,1
43,66,1
43,67,1
43,68,1
43,69,0
43,70,1
43,71,1
43,72,1
43,73,0
43,74,0
43,75,0
43,76,0
44,0,0
44,1,0
44,2,0
44,3,0
44,4,0
44,5,0
44,6,0
44,7,0
44,8,0
44,9,1
44,10,1
44,11,1
44,12,1
44,13,1
44,14,1
44,15,1
44,16,1
44,17,1
44,18,1
44,19,1
44,20,1
44,21,1
44,22,1
44,23,1
44,24,1
44,25,1
44,26,1
44,27,1
44,28,1
44,29,0
44,30,0
44,31,0
44,32,0
44,33,0
44,34,0
44,35,0
44,36,0
44,37,0
44,38,0
44,39,0
44,40,0
44,41,0
44,42,0
44,43,1
44,44,1
44,45,1
44,46,1
44,47,1
44,48,1
44,49,0
44,50,0
44,51,0
44,52,1
44,53,1
44,54,1
44,55,1
44,56,0
44,57,0
44,58,0
44,59,0
44,60,0
44,61,0
44,62,0
44,63,1
44,64,1
44,65,1
44,66,1
44,67,1
44,68,1
44,69,1
44,70,1
44,71,1
44,72,1
44,73,0
44,74,0
44,75,0
44,76,0
45,0,0
45,1,0
45,2,0
45,3,0
45,4,0
45,5,0
45,6,0
45,7,0
45,8,1
45,9,1
45,10,1
45,11,1
45,12,1
45,13,1
45,14,1
45,15,1
45,16,1
45,17,1
45,18,1
45,19,1
45,20,1
45,21,1
45,22,1
45,23,1
45,24,1
45,25,1
45,26,1
45,27,1
45,28,1
45,29,0
45,30,0
45,31,0
45,32,0
45,33,0
45,34,0
45,35,0
45,36,0
45,37,0
45,38,0
45,39,0
45,40,0
45,41,0
45,42,0
45,43,1
45,44,1
45,45,1
45,46,1
45,47,1
45,48,0
45,49,0
45,50,0
45,51,1
45,52,1
45,53,1
45,54,1
45,55,1
45,56,0
45,57,0
45,58,0
45,59,0
45,60,0
45,61,0
45,62,0
45,63,1
45,64,1
45,65,1
45,66,1
45,67,1
45,68,1
45,69,1
45,70,1
45,71,1
45,72,1
45,73,1
45,74,0
45,75,0
45,76,0
46,0,0
46,1,0
46,2,1
46,3,1
46,4,0
46,5,0
46,6,1
46,7,1
46,8,1
46,9,1
46,10,1
46,11,1
46,12,1
46,13,1
46,14,1
46,15,1
46,16,1
46,17,1
46,18,1
46,19,1
46,20,1
46,21,1
46,22,1
46,23,1
46,24,1
46,25,1
46,26,1
46,27,1
46,28,1
46,29,1
46,30,0
46,31,0
46,32,0
46,33,0
46,34,0
46,35,0
46,36,0
46,37,0
46,38,0
46,39,0
46,40,0
46,41,0
46,42,0
46,43,1
46,44,1
46,45,1
46,46,1
46,47,1
46,48,0
46,49,0
46,50,1
46,51,1
46,52,1
46,53,1
46,54,1
46,55,1
46,56,1
46,57,0
46,58,0
46,59,0
46,60,0
46,61,0
46,62,0
46,63,0
46,64,1
46,65,1
46,66,1
46,67,1
46,68,1
46,69,1
46,70,1
46,71,1
46,72,1
46,73,1
46,74,1
46,75,0
46,76,0
47,0,0
47,1,1
47,2,1
47,3,1
47,4,1
47,5,1
47,6,1
47,7,1
47,8,1
47,9,1
47,10,0
47,11,0
47,12,0
47,13,1
47,14,1
47,15,1
47,16,1
47,17,1
47,18,1
47,19,1
47,20,1
47,21,1
47,22,1
47,23,1
47,24,1
47,25,1
47,26,1
47,27,1
47,28,1
47,29,1
47,30,0
47,31,0
47,32,0
47,33,0
47,34,0
47,35,0
47,36,0
47,37,0
47,38,0
47,39,0
47,40,0
47,41,0
47,42,0
47,43,0
47,44,1
47,45,1
47,46,1
47,47,1
47,48,1
47,49,1
47,50,1
47,51,1
47,52,1
47,53,1
47,54,1
47,55,1
47,56,1
47,57,1
47,58,0
47,59,0
47,60,0
47,61,0
47,62,0
47,63,1
47,64,1
47,65,1
47,66,1
47,67,1
47,68,1
47,69,1
47,70,1
47,71,1
47,72,1
47,73,1
47,74,1
47,75,0
47,76,0
48,0,0
48,1,1
48,2,1
48,3,1
48,4,1
48,5,1
48,6,1
48,7,1
48,8,1
48,9,0
48,10,0
48,11,0
48,12,0
48,13,0
48,14,0
48,15,1
48,16,1
48,17,1
48,18,1
48,19,1
48,20,1
48,21,1
48,22,1
48,23,1
48,24,1
48,25,1
48,26,1
48,27,1
48,28,1
48,29,0
48,30,0
48,31,0
48,32,0
48,33,0
48,34,0
48,35,0
48,36,0
48,37,0
48,38,0
48,39,0
48,40,0
48,41,0
48,42,0
48,43,0
48,44,0
48,45,1
48,46,1
48,47,1
48,48,1
48,49,1
48,50,1
48,51,1
48,52,1
48,53,1
48,54,1
48,55,1
48,56,1
48,57,1
48,58,1
48,59,0
48,60,0
48,61,0
48,62,1
48,63,1
48,64,1
48,65,1
48,66,1
48,67,1
48,68,1
48,69,1
48,70,1
48,71,1
48,72,1
48,73,1
48,74,1
48,75,1
48,76,0
49,0,0
49,1,1
49,2,1
49,3,1
49,4,1
49,5,1
49,6,1
49,7,1
49,8,0
49,9,0
49,10,0
49,11,0
49,12,0
49,13,0
49,14,0
49,15,1
49,16,1
49,17,1
49,18,1
49,19,1
49,20,1
49,21,1
49,22,1
49,23,1
49,24,1
49,25,1
49,26,1
49,27,1
49,28,1
49,29,0
49,30,0
49,31,0
49,32,0
49,33,0
49,34,0
49,35,0
49,36,0
49,37,0
49,38,0
49,39,0
49,40,0
49,41,0
49,42,0
49,43,0
49,44,0
49,45,0
49,46,1
49,47,1
49,48,1
49,49,1
49,50,1
49,51,1
49,52,1
49,53,1
49,54,1
49,55,1
49,56,1
49,57,1
49,58,1
49,59,0
49,60,0
49,61,0
49,62,1
49,63,1
49,64,1
49,65,1
49,66,1
49,67,1
49,68,1
49,69,1
49,70,1
49,71,1
49,72,1
49,73,1
49,74,1
49,75,1
49,76,0
50,0,0
50,1,1
50,2,1
50,3,1
50,4,1
50,5,1
50,6,1
50,7,0
50,8,0
50,9,0
50,10,0
50,11,0
50,12,0
50,13,0
50,14,1
50,15,1
50,16,1
50,17,1
50,18,1
50,19,1
50,20,1
50,21,1
50,22,1
50,23,1
50,24,1
50,25,1
50,26,1
50,27,1
50,28,0
50,29,0
50,30,0
50,31,0
50,32,0
50,33,0
50,34,0
50,35,0
50,36,0
50,37,0
50,38,0
50,39,0
50,40,0
50,41,0
50,42,0
50,43,0
50,44,0
50,45,0
50,46,1
50,47,1
50,48,1
50,49,1
50,50,1
50,51,1
50,52,1
50,53,1
50,54,1
50,55,1
50,56,1
50,57,1
50,58,1
50,59,1
50,60,1
50,61,1
50,62,1
50,63,1
50,64,1
50,65,1
50,66,1
50,67,1
50,68,1
50,69,1
50,70,1
50,71,1
50,72,1
50,73,1
50,74,1
50,75,0
50,76,0
51,0,0
51,1,0
51,2,1
51,3,1
51,4,1
51,5,1
51,6,1
51,7,0
51,8,0
51,9,0
51,10,0
51,11,0
51,12,0
51,13,0
51,14,1
51,15,1
51,16,1
51,17,1
51,18,1
51,19,1
51,20,1
51,21,1
51,22,1
51,23,1
51,24,1
51,25,1
51,26,1
51,27,1
51,28,0
51,29,0
51,30,0
51,31,0
51,32,0
51,33,0
51,34,0
51,35,0
51,36,0
51,37,0
51,38,0
51,39,0
51,40,0
51,41,0
51,42,0
51,43,0
51,44,0
51,45,0
51,46,0
51,47,1
51,48,1
51,49,1
51,50,1
51,51,1
51,52,1
51,53,1
51,54,1
51,55,1
51,56,1
51,57,1
51,58,1
51,59,1
51,60,1
51,61,1
51,62,1
51,63,1
51,64,1
51,65,1
51,66,1
51,67,1
51,68,1
51,69,1
51,70,1
51,71,1
51,72,1
51,73,1
51,74,1
51,75,1
51,76,0
52,0,0
52,1,0
52,2,1
52,3,1
52,4,1
52,5,1
52,6,1
52,7,1
52,8,0
52,9,0
52,10,0
52,11,0
52,12,0
52,13,0
52,14,0
52,15,1
52,16,1
52,17,1
52,18,1
52,19,1
52,20,1
52,21,1
52,22,1
52,23,1
52,24,1
52,25,1
52,26,1
52,27,0
52,28,0
52,29,0
52,30,0
52,31,0
52,32,0
52,33,0
52,34,0
52,35,0
52,36,0
52,37,0
52,38,0
52,39,0
52,40,0
52,41,0
52,42,0
52,43,0
52,44,0
52,45,0
52,46,0
52,47,0
52,48,1
52,49,1
52,50,1
52,51,1
52,52,1
52,53,1
52,54,1
52,55,1
52,56,1
52,57,1
52,58,1
52,59,1
52,60,1
52,61,1
52,62,1
52,63,1
52,64,1
52,65,1
52,66,1
52,67,1
52,68,1
52,69,0
52,70,0
52,71,1
52,72,1
52,73,1
52,74,1
52,75,1
52,76,0
53,0,0
53,1,0
53,2,0
53,3,1
53,4,1
53,5,1
53,6,1
53,7,1
53,8,1
53,9,0
53,10,0
53,11,0
53,12,0
53,13,0
53,14,0
53,15,0
53,16,1
53,17,1
53,18,1
53,19,1
53,20,1
53,21,1
53,22,1
53,23,1
53,24,1
53,25,1
53,26,0
53,27,0
53,28,0
53,29,0
53,30,0
53,31,0
53,32,0
53,33,0
53,34,0
53,35,0
53,36,0
53,37,0
53,38,0
53,39,0
53,40,0
53,41,0
53,42,0
53,43,0
53,44,0
53,45,0
53,46,0
53,47,0
53,48,1
53,49,1
53,50,1
53,51,1
53,52,1
53,53,1
53,54,1
53,55,1
53,56,1
53,57,1
53,58,1
53,59,1
53,60,1
53,61,1
53,62,1
53,63,1
53,64,1
53,65,1
53,66,1
53,67,1
53,68,0
53,69,0
53,70,0
53,71,0
53,72,1
53,73,1
53,74,1
53,75,0
53,76,0
54,0,0
54,1,0
54,2,0
54,3,0
54,4,0
54,5,1
54,6,1
54,7,1
54,8,1
54,9,0
54,10,0
54,11,0
54,12,0
54,13,0
54,14,0
54,15,0
54,16,1
54,17,1
54,18,1
54,19,1
54,20,1
54,21,1
54,22,1
54,23,0
54,24,0
54,25,0
54,26,0
54,27,0
54,28,0
54,29,0
54,30,0
54,31,0
54,32,0
54,33,0
54,34,0
54,35,0
54,36,0
54,37,1
54,38,1
54,39,0
54,40,0
54,41,0
54,42,0
54,43,0
54,44,0
54,45,0
54,46,0
54,47,1
54,48,1
54,49,1
54,50,1
54,51,1
54,52,1
54,53,0
54,54,0
54,55,1
54,56,1
54,57,1
54,58,1
54,59,1
54,60,1
54,61,1
54,62,1
54,63,1
54,64,1
54,65,1
54,66,1
54,67,1
54,68,0
54,69,0
54,70,0
54,71,0
54,72,0
54,73,0
54,74,0
54,75,0
54,76,0
55,0,0
55,1,0
55,2,0
55,3,0
55,4,0
55,5,0
55,6,1
55,7,1
55,8,1
55,9,0
55,10,0
55,11,0
55,12,0
55,13,0
55,14,0
55,15,0
55,16,1
55,17,1
55,18,1
55,19,1
55,20,1
55,21,1
55,22,0
55,23,0
55,24,0
55,25,0
55,26,0
55,27,0
55,28,1
55,29,1
55,30,0
55,31,0
55,32,0
55,33,0
55,34,0
55,35,0
55,36,1
55,37,1
55,38,1
55,39,1
55,40,0
55,41,0
55,42,0
55,43,0
55,44,0
55,45,0
55,46,0
55,47,1
55,48,1
55,49,1
55,50,1
55,51,1
55,52,0
55,53,0
55,54,0
55,55,0
55,56,1
55,57,1
55,58,1
55,59,1
55,60,1
55,61,1
55,62,1
55,63,1
55,64,1
55,65,1
55,66,1
55,67,1
55,68,1
55,69,0
55,70,0
55,71,0
55,72,0
55,73,0
55,74,0
55,75,0
55,76,0
56,0,0
56,1,0
56,2,0
56,3,0
56,4,0
56,5,0
56,6,0
56,7,1
56,8,1
56,9,1
56,10,0
56,11,0
56,12,0
56,13,0
56,14,0
56,15,0
56,16,1
56,17,1
56,18,1
56,19,1
56,20,1
56,21,1
56,22,0
56,23,0
56,24,1
56,25,1
56,26,1
56,27,1
56,28,1
56,29,1
56,30,1
56,31,0
56,32,0
56,33,0
56,34,0
56,35,0
56,36,1
56,37,1
56,38,1
56,39,1
56,40,1
56,41,0
56,42,0
56,43,0
56,44,0
56,45,0
56,46,0
56,47,1
56,48,1
56,49,1
56,50,1
56,51,1
56,52,0
56,53,0
56,54,0
56,55,1
56,56,1
56,57,1
56,58,1
56,59,0
56,60,0
56,61,1
56,62,1
56,63,1
56,64,1
56,65,1
56,66,1
56,67,1
56,68,1
56,69,0
56,70,0
56,71,0
56,72,0
56,73,0
56,74,0
56,75,0
56,76,0
57,0,0
57,1,0
57,2,0
57,3,0
57,4,0
57,5,0
57,6,0
57,7,1
57,8,1
57,9,1
57,10,0
57,11,0
57,12,0
57,13,0
57,14,0
57,15,0
57,16,0
57,17,1
57,18,1
57,19,1
57,20,1
57,21,1
57,22,1
57,23,1
57,24,1
57,25,1
57,26,1
57,27,1
57,28,1
57,29,1
57,30,1
57,31,1
57,32,0
57,33,0
57,34,0
57,35,1
57,36,1
57,37,1
57,38,1
57,39,1
57,40,1
57,41,1
57,42,0
57,43,0
57,44,0
57,45,0
57,46,0
57,47,0
57,48,1
57,49,1
57,50,1
57,51,1
57,52,1
57,53,1
57,54,1
57,55,1
57,56,1
57,57,1
57,58,0
57,59,0
57,60,0
57,61,1
57,62,1
57,63,1
57,64,1
57,65,1
57,66,1
57,67,1
57,68,1
57,69,0
57,70,0
57,71,0
57,72,0
57,73,0
57,74,0
57,75,0
57,76,0
58,0,0
58,1,0
58,2,0
58,3,0
58,4,0
58,5,0
58,6,0
58,7,1
58,8,1
58,9,1
58,10,1
58,11,0
58,12,0
58,13,0
58,14,0
58,15,0
58,16,0
58,17,1
58,18,1
58,19,1
58,20,1
58,21,1
58,22,1
58,23,1
58,24,1
58,25,1
58,26,1
58,27,1
58,28,1
58,29,1
58,30,1
58,31,1
58,32,1
58,33,1
58,34,1
58,35,1
58,36,1
58,37,1
58,38,1
58,39,1
58,40,1
58,41,1
58,42,1
58,43,0
58,44,0
58,45,0
58,46,0
58,47,0
58,48,0
58,49,1
58,50,1
58,51,1
58,52,1
58,53,1
58,54,1
58,55,0
58,56,0
58,57,0
58,58,0
58,59,0
58,60,0
58,61,1
58,62,1
58,63,1
58,64,1
58,65,1
58,66,1
58,67,1
58,68,0
58,69,0
58,70,0
58,71,0
58,72,0
58,73,0
58,74,0
58,75,0
58,76,0
59,0,0
59,1,0
59,2,0
59,3,0
59,4,0
59,5,0
59,6,0
59,7,1
59,8,1
59,9,1
59,10,1
59,11,1
59,12,0
59,13,0
59,14,0
59,15,0
59,16,0
59,17,1
59,18,1
59,19,1
59,20,1
59,21,1
59,22,1
59,23,1
59,24,1
59,25,1
59,26,1
59,27,1
59,28,1
59,29,1
59,30,1
59,31,1
59,32,1
59,33,1
59,34,1
59,35,1
59,36,1
59,37,1
59,38,1
59,39,1
59,40,1
59,41,1
59,42,1
59,43,1
59,44,0
59,45,0
59,46,0
59,47,0
59,48,0
59,49,0
59,50,1
59,51,1
59,52,1
59,53,1
59,54,0
59,55,0
59,56,0
59,57,0
59,58,0
59,59,0
59,60,0
59,61,0
59,62,1
59,63,1
59,64,1
59,65,1
59,66,1
59,67,1
59,68,1
59,69,0
59,70,0
59,71,0
59,72,0
59,73,0
59,74,0
59,75,0
59,76,0
60,0,0
60,1,0
60,2,0
60,3,0
60,4,0
60,5,0
60,6,0
60,7,0
60,8,1
60,9,1
60,10,1
60,11,1
60,12,1
60,13,0
60,14,0
60,15,0
60,16,0
60,17,0
60,18,1
60,19,1
60,20,1
60,21,1
60,22,1
60,23,1
60,24,1
60,25,1
60,26,1
60,27,1
60,28,1
60,29,1
60,30,1
60,31,1
60,32,1
60,33,0
60,34,0
60,35,1
60,36,1
60,37,1
60,38,1
60,39,1
60,40,1
60,41,1
60,42,1
60,43,1
60,44,1
60,45,0
60,46,0
60,47,0
60,48,0
60,49,0
60,50,0
60,51,0
60,52,0
60,53,0
60,54,0
60,55,0
60,56,0
60,57,0
60,58,0
60,59,0
60,60,0
60,61,0
60,62,0
60,63,0
60,64,0
60,65,1
60,66,1
60,67,1
60,68,1
60,69,1
60,70,1
60,71,0
60,72,0
60,73,0
60,74,0
60,75,0
60,76,0
61,0,0
61,1,0
61,2,0
61,3,0
61,4,0
61,5,0
61,6,0
61,7,0
61,8,0
61,9,0
61,10,1
61,11,1
61,12,1
61,13,1
61,14,0
61,15,0
61,16,0
61,17,0
61,18,1
61,19,1
61,20,1
61,21,1
61,22,1
61,23,1
61,24,1
61,25,1
61,26,1
61,27,1
61,28,1
61,29,1
61,30,1
61,31,1
61,32,0
61,33,0
61,34,0
61,35,0
61,36,1
61,37,1
61,38,1
61,39,1
61,40,1
61,41,1
61,42,1
61,43,1
61,44,1
61,45,1
61,46,0
61,47,0
61,48,0
61,49,0
61,50,0
61,51,0
61,52,0
61,53,0
61,54,0
61,55,0
61,56,0
61,57,0
61,58,0
61,59,0
61,60,0
61,61,0
61,62,0
61,63,0
61,64,0
61,65,0
61,66,1
61,67,1
61,68,1
61,69,1
61,70,1
61,71,1
61,72,0
61,73,0
61,74,0
61,75,0
61,76,0
62,0,0
62,1,0
62,2,0
62,3,0
62,4,0
62,5,0
62,6,0
62,7,0
62,8,0
62,9,0
62,10,1
62,11,1
62,12,1
62,13,1
62,14,0
62,15,0
62,16,0
62,17,0
62,18,1
62,19,1
62,20,1
62,21,1
62,22,1
62,23,1
62,24,1
62,25,1
62,26,1
62,27,1
62,28,1
62,29,1
62,30,1
62,31,1
62,32,0
62,33,0
62,34,0
62,35,0
62,36,1
62,37,1
62,38,1
62,39,1
62,40,1
62,41,1
62,42,1
62,43,1
62,44,1
62,45,1
62,46,1
62,47,1
62,48,1
62,49,0
62,50,0
62,51,0
62,52,0
62,53,0
62,54,0
62,55,0
62,56,0
62,57,0
62,58,0
62,59,0
62,60,0
62,61,0
62,62,0
62,63,0
62,64,0
62,65,0
62,66,0
62,67,1
62,68,1
62,69,1
62,70,1
62,71,1
62,72,0
62,73,0
62,74,0
62,75,0
62,76,0
63,0,0
63,1,0
63,2,0
63,3,0
63,4,0
63,5,0
63,6,0
63,7,0
63,8,0
63,9,0
63,10,1
63,11,1
63,12,1
63,13,1
63,14,0
63,15,0
63,16,0
63,17,0
63,18,0
63,19,1
63,20,1
63,21,1
63,22,0
63,23,0
63,24,1
63,25,1
63,26,1
63,27,1
63,28,1
63,29,1
63,30,1
63,31,1
63,32,1
63,33,0
63,34,0
63,35,0
63,36,0
63,37,1
63,38,1
63,39,1
63,40,1
63,41,1
63,42,1
63,43,1
63,44,1
63,45,1
63,46,1
63,47,1
63,48,1
63,49,1
63,50,0
63,51,0
63,52,0
63,53,0
63,54,0
63,55,0
63,56,0
63,57,0
63,58,0
63,59,0
63,60,0
63,61,0
63,62,0
63,63,0
63,64,0
63,65,0
63,66,0
63,67,1
63,68,1
63,69,1
63,70,1
63,71,1
63,72,0
63,73,0
63,74,0
63,75,0
63,76,0
64,0,0
64,1,0
64,2,0
64,3,0
64,4,0
64,5,0
64,6,0
64,7,0
64,8,0
64,9,0
64,10,0
64,11,1
64,12,1
64,13,1
64,14,1
64,15,0
64,16,0
64,17,0
64,18,0
64,19,0
64,20,0
64,21,0
64,22,0
64,23,0
64,24,1
64,25,1
64,26,1
64,27,1
64,28,1
64,29,1
64,30,1
64,31,1
64,32,1
64,33,0
64,34,0
64,35,0
64,36,0
64,37,1
64,38,1
64,39,1
64,40,1
64,41,1
64,42,1
64,43,1
64,44,1
64,45,1
64,46,1
64,47,1
64,48,1
64,49,1
64,50,1
64,51,0
64,52,0
64,53,0
64,54,0
64,55,0
64,56,0
64,57,0
64,58,1
64,59,1
64,60,0
64,61,0
64,62,0
64,63,0
64,64,0
64,65,0
64,66,0
64,67,1
64,68,1
64,69,1
64,70,1
64,71,1
64,72,1
64,73,0
64,74,0
64,75,0
64,76,0
65,0,0
65,1,0
65,2,0
65,3,0
65,4,0
65,5,0
65,6,0
65,7,0
65,8,0
65,9,0
65,10,0
65,11,1
65,12,1
65,13,1
65,14,1
65,15,0
65,16,0
65,17,0
65,18,0
65,19,0
65,20,0
65,21,0
65,22,0
65,23,0
65,24,1
65,25,1
65,26,1
65,27,1
65,28,1
65,29,1
65,30,1
65,31,1
65,32,1
65,33,1
65,34,1
65,35,1
65,36,1
65,37,1
65,38,1
65,39,1
65,40,1
65,41,1
65,42,1
65,43,1
65,44,1
65,45,1
65,46,1
65,47,1
65,48,1
65,49,1
65,50,1
65,51,1
65,52,0
65,53,0
65,54,0
65,55,0
65,56,0
65,57,1
65,58,1
65,59,1
65,60,1
65,61,1
65,62,1
65,63,0
65,64,0
65,65,0
65,66,0
65,67,0
65,68,1
65,69,1
65,70,1
65,71,1
65,72,1
65,73,0
65,74,0
65,75,0
65,76,0
66,0,0
66,1,0
66,2,0
66,3,0
66,4,0
66,5,0
66,6,0
66,7,0
66,8,0
66,9,0
66,10,0
66,11,1
66,12,1
66,13,1
66,14,1
66,15,0
66,16,0
66,17,0
66,18,0
66,19,0
66,20,0
66,21,0
66,22,0
66,23,0
66,24,0
66,25,1
66,26,1
66,27,1
66,28,1
66,29,1
66,30,1
66,31,1
66,32,1
66,33,1
66,34,1
66,35,1
66,36,1
66,37,1
66,38,1
66,39,1
66,40,1
66,41,1
66,42,1
66,43,1
66,44,1
66,45,1
66,46,1
66,47,1
66,48,1
66,49,1
66,50,1
66,51,1
66,52,0
66,53,0
66,54,0
66,55,0
66,56,0
66,57,1
66,58,1
66,59,1
66,60,1
66,61,1
66,62,1
66,63,1
66,64,1
66,65,0
66,66,0
66,67,0
66,68,1
66,69,1
66,70,1
66,71,1
66,72,0
66,73,0
66,74,0
66,75,0
66,76,0
67,0,0
67,1,0
67,2,0
67,3,0
67,4,0
67,5,0
67,6,0
67,7,0
67,8,0
67,9,0
67,10,0
67,11,0
67,12,1
67,13,1
67,14,1
67,15,1
67,16,1
67,17,0
67,18,0
67,19,0
67,20,0
67,21,0
67,22,0
67,23,0
67,24,0
67,25,0
67,26,1
67,27,1
67,28,1
67,29,1
67,30,1
67,31,1
67,32,1
67,33,1
67,34,1
67,35,1
67,36,1
67,37,1
67,38,1
67,39,1
67,40,1
67,41,1
67,42,1
67,43,1
67,44,0
67,45,0
67,46,1
67,47,1
67,48,1
67,49,1
67,50,1
67,51,0
67,52,0
67,53,0
67,54,0
67,55,0
67,56,0
67,57,0
67,58,1
67,59,1
67,60,1
67,61,1
67,62,1
67,63,1
67,64,1
67,65,1
67,66,0
67,67,0
67,68,1
67,69,1
67,70,1
67,71,1
67,72,0
67,73,0
67,74,0
67,75,0
67,76,0
68,0,0
68,1,0
68,2,0
68,3,0
68,4,0
68,5,0
68,6,0
68,7,0
68,8,0
68,9,0
68,10,0
68,11,0
68,12,0
68,13,1
68,14,1
68,15,1
68,16,1
68,17,1
68,18,1
68,19,1
68,20,1
68,21,1
68,22,0
68,23,0
68,24,0
68,25,0
68,26,0
68,27,1
68,28,1
68,29,1
68,30,0
68,31,0
68,32,0
68,33,1
68,34,1
68,35,1
68,36,1
68,37,1
68,38,1
68,39,1
68,40,1
68,41,1
68,42,1
68,43,1
68,44,0
68,45,0
68,46,1
68,47,1
68,48,1
68,49,1
68,50,1
68,51,1
68,52,0
68,53,0
68,54,0
68,55,0
68,56,0
68,57,0
68,58,0
68,59,0
68,60,0
68,61,1
68,62,1
68,63,1
68,64,1
68,65,1
68,66,1
68,67,1
68,68,1
68,69,1
68,70,1
68,71,1
68,72,0
68,73,0
68,74,0
68,75,0
68,76,0
69,0,0
69,1,0
69,2,0
69,3,0
69,4,0
69,5,0
69,6,0
69,7,0
69,8,0
69,9,0
69,10,0
69,11,0
69,12,0
69,13,1
69,14,1
69,15,1
69,16,1
69,17,1
69,18,1
69,19,1
69,20,1
69,21,1
69,22,1
69,23,0
69,24,0
69,25,0
69,26,0
69,27,1
69,28,1
69,29,0
69,30,0
69,31,0
69,32,0
69,33,1
69,34,1
69,35,1
69,36,1
69,37,1
69,38,1
69,39,1
69,40,1
69,41,1
69,42,1
69,43,0
69,44,0
69,45,0
69,46,0
69,47,1
69,48,1
69,49,1
69,50,1
69,51,1
69,52,1
69,53,0
69,54,0
69,55,0
69,56,0
69,57,0
69,58,0
69,59,0
69,60,0
69,61,0
69,62,1
69,63,1
69,64,1
69,65,1
69,66,1
69,67,1
69,68,1
69,69,1
69,70,1
69,71,0
69,72,0
69,73,0
69,74,0
69,75,0
69,76,0
70,0,0
70,1,0
70,2,0
70,3,0
70,4,0
70,5,0
70,6,0
70,7,0
70,8,0
70,9,0
70,10,0
70,11,0
70,12,0
70,13,1
70,14,1
70,15,1
70,16,1
70,17,1
70,18,1
70,19,1
70,20,1
70,21,1
70,22,1
70,23,1
70,24,0
70,25,0
70,26,1
70,27,1
70,28,1
70,29,1
70,30,0
70,31,0
70,32,0
70,33,0
70,34,1
70,35,1
70,36,1
70,37,1
70,38,1
70,39,1
70,40,0
70,41,0
70,42,0
70,43,0
70,44,0
70,45,0
70,46,0
70,47,1
70,48,1
70,49,1
70,50,1
70,51,1
70,52,1
70,53,0
70,54,0
70,55,0
70,56,1
70,57,1
70,58,1
70,59,1
70,60,0
70,61,0
70,62,1
70,63,1
70,64,1
70,65,1
70,66,1
70,67,1
70,68,1
70,69,1
70,70,0
70,71,0
70,72,0
70,73,0
70,74,0
70,75,0
70,76,0
71,0,0
71,1,0
71,2,0
71,3,0
71,4,0
71,5,0
71,6,0
71,7,0
71,8,0
71,9,0
71,10,0
71,11,0
71,12,0
71,13,1
71,14,1
71,15,1
71,16,1
71,17,1
71,18,1
71,19,1
71,20,1
71,21,1
71,22,1
71,23,1
71,24,1
71,25,1
71,26,1
71,27,1
71,28,1
71,29,1
71,30,1
71,31,0
71,32,0
71,33,0
71,34,0
71,35,0
71,36,1
71,37,1
71,38,1
71,39,1
71,40,0
71,41,0
71,42,0
71,43,0
71,44,0
71,45,1
71,46,1
71,47,1
71,48,1
71,49,1
71,50,1
71,51,1
71,52,1
71,53,0
71,54,0
71,55,1
71,56,1
71,57,1
71,58,1
71,59,1
71,60,1
71,61,1
71,62,1
71,63,1
71,64,1
71,65,1
71,66,1
71,67,1
71,68,1
71,69,0
71,70,0
71,71,0
71,72,0
71,73,0
71,74,0
71,75,0
71,76,0
72,0,0
72,1,0
72,2,0
72,3,0
72,4,0
72,5,0
72,6,0
72,7,0
72,8,0
72,9,0
72,10,0
72,11,0
72,12,0
72,13,0
72,14,1
72,15,1
72,16,1
72,17,1
72,18,1
72,19,1
72,20,1
72,21,1
72,22,1
72,23,1
72,24,1
72,25,1
72,26,1
72,27,1
72,28,1
72,29,1
72,30,1
72,31,0
72,32,0
72,33,0
72,34,0
72,35,0
72,36,0
72,37,1
72,38,1
72,39,1
72,40,1
72,41,0
72,42,0
72,43,1
72,44,1
72,45,1
72,46,1
72,47,1
72,48,1
72,49,1
72,50,1
72,51,1
72,52,1
72,53,1
72,54,1
72,55,1
72,56,1
72,57,1
72,58,1
72,59,1
72,60,1
72,61,1
72,62,1
72,63,1
72,64,1
72,65,1
72,66,1
72,67,1
72,68,1
72,69,0
72,70,0
72,71,0
72,72,0
72,73,0
72,74,0
72,75,0
72,76,0
73,0,0
73,1,0
73,2,0
73,3,0
73,4,0
73,5,0
73,6,0
73,7,0
73,8,0
73,9,0
73,10,0
73,11,0
73,12,0
73,13,0
73,14,0
73,15,1
73,16,1
73,17,1
73,18,1
73,19,1
73,20,1
73,21,1
73,22,1
73,23,1
73,24,0
73,25,0
73,26,0
73,27,1
73,28,1
73,29,1
73,30,1
73,31,0
73,32,0
73,33,0
73,34,0
73,35,0
73,36,0
73,37,0
73,38,1
73,39,1
73,40,1
73,41,1
73,42,1
73,43,1
73,44,1
73,45,1
73,46,1
73,47,1
73,48,1
73,49,1
73,50,1
73,51,1
73,52,1
73,53,1
73,54,1
73,55,1
73,56,0
73,57,0
73,58,0
73,59,0
73,60,0
73,61,1
73,62,1
73,63,1
73,64,1
73,65,1
73,66,1
73,67,1
73,68,0
73,69,0
73,70,0
73,71,0
73,72,0
73,73,0
73,74,0
73,75,0
73,76,0
74,0,0
74,1,0
74,2,0
74,3,0
74,4,0
74,5,0
74,6,0
74,7,0
74,8,0
74,9,0
74,10,0
74,11,0
74,12,0
74,13,0
74,14,0
74,15,0
74,16,0
74,17,0
74,18,0
74,19,0
74,20,0
74,21,1
74,22,1
74,23,0
74,24,0
74,25,0
74,26,0
74,27,1
74,28,1
74,29,1
74,30,1
74,31,1
74,32,0
74,33,0
74,34,0
74,35,0
74,36,0
74,37,0
74,38,0
74,39,1
74,40,1
74,41,1
74,42,1
74,43,1
74,44,1
74,45,1
74,46,1
74,47,1
74,48,1
74,49,0
74,50,0
74,51,1
74,52,1
74,53,1
74,54,1
74,55,0
74,56,0
74,57,0
74,58,0
74,59,0
74,60,0
74,61,0
74,62,1
74,63,1
74,64,1
74,65,1
74,66,1
74,67,0
74,68,0
74,69,0
74,70,0
74,71,0
74,72,0
74,73,0
74,74,0
74,75,0
74,76,0
75,0,0
75,1,0
75,2,0
75,3,0
75,4,0
75,5,0
75,6,0
75,7,0
75,8,0
75,9,0
75,10,0
75,11,0
75,12,0
75,13,0
75,14,0
75,15,0
75,16,0
75,17,0
75,18,0
75,19,0
75,20,0
75,21,0
75,22,0
75,23,0
75,24,0
75,25,0
75,26,0
75,27,0
75,28,1
75,29,1
75,30,1
75,31,1
75,32,0
75,33,0
75,34,0
75,35,0
75,36,0
75,37,0
75,38,0
75,39,0
75,40,1
75,41,1
75,42,1
75,43,1
75,44,0
75,45,0
75,46,0
75,47,0
75,48,0
75,49,0
75,50,0
75,51,0
75,52,1
75,53,1
75,54,0
75,55,0
75,56,0
75,57,0
75,58,0
75,59,0
75,60,0
75,61,0
75,62,0
75,63,0
75,64,0
75,65,0
75,66,0
75,67,0
75,68,0
75,69,0
75,70,0
75,71,0
75,72,0
75,73,0
75,74,0
75,75,0
75,76,0
76,0,0
76,1,0
76,2,0
76,3,0
76,4,0
76,5,0
76,6,1
76,7,1
76,8,0
76,9,0
76,10,0
76,11,0
76,12,0
76,13,0
76,14,0
76,15,0
76,16,0
76,17,0
76,18,0
76,19,0
76,20,0
76,21,0
76,22,0
76,23,0
76,24,0
76,25,0
76,26,0
76,27,0
76,28,0
76,29,1
76,30,1
76,31,1
76,32,0
76,33,0
76,34,0
76,35,0
76,36,0
76,37,0
76,38,0
76,39,0
76,40,0
76,41,0
76,42,0
76,43,0
76,44,0
76,45,0
76,46,0
76,47,0
76,48,0
76,49,0
76,50,0
76,51,0
76,52,0
76,53,0
76,54,0
76,55,0
76,56,0
76,57,0
76,58,0
76,59,0
76,60,0
76,61,0
76,62,0
76,63,0
76,64,0
76,65,0
76,66,0
76,67,0
76,68,0
76,69,0
76,70,0
76,71,0
76,72,0
76,73,0
76,74,0
76,75,0
76,76,0
