0,0,0
0,1,0
0,2,0
0,3,0
0,4,0
0,5,0
0,6,0
0,7,0
0,8,0
0,9,0
0,10,0
0,11,0
0,12,0
0,13,0
0,14,0
0,15,0
0,16,0
0,17,0
0,18,0
0,19,0
0,20,0
0,21,0
0,22,0
0,23,0
0,24,0
0,25,0
0,26,0
0,27,0
0,28,0
0,29,0
0,30,0
0,31,0
0,32,0
0,33,0
0,34,0
0,35,0
0,36,0
0,37,0
0,38,0
0,39,0
0,40,0
0,41,0
0,42,0
0,43,0
0,44,0
0,45,0
0,46,0
0,47,0
0,48,0
0,49,0
0,50,0
0,51,0
0,52,0
0,53,0
0,54,0
0,55,0
0,56,0
0,57,0
0,58,0
0,59,0
0,60,0
0,61,0
0,62,0
0,63,0
1,0,0
1,1,0
1,2,0
1,3,0
1,4,0
1,5,0
1,6,0
1,7,0
1,8,0
1,9,0
1,10,0
1,11,0
1,12,0
1,13,0
1,14,0
1,15,0
1,16,0
1,17,0
1,18,0
1,19,0
1,20,0
1,21,0
1,22,0
1,23,0
1,24,0
1,25,0
1,26,0
1,27,0
1,28,0
1,29,0
1,30,0
1,31,0
1,32,0
1,33,0
1,34,0
1,35,0
1,36,0
1,37,0
1,38,0
1,39,0
1,40,0
1,41,0
1,42,0
1,43,0
1,44,0
1,45,0
1,46,0
1,47,0
1,48,0
1,49,0
1,50,0
1,51,1
1,52,1
1,53,0
1,54,0
1,55,0
1,56,0
1,57,0
1,58,0
1,59,0
1,60,0
1,61,0
1,62,0
1,63,0
2,0,0
2,1,0
2,2,0
2,3,0
2,4,0
2,5,0
2,6,0
2,7,0
2,8,0
2,9,0
2,10,0
2,11,0
2,12,0
2,13,0
2,14,0
2,15,0
2,16,0
2,17,0
2,18,0
2,19,0
2,20,0
2,21,0
2,22,0
2,23,0
2,24,0
2,25,1
2,26,1
2,27,0
2,28,0
2,29,0
2,30,0
2,31,0
2,32,0
2,33,0
2,34,0
2,35,0
2,36,0
2,37,0
2,38,0
2,39,0
2,40,0
2,41,0
2,42,0
2,43,0
2,44,0
2,45,0
2,46,0
2,47,0
2,48,0
2,49,0
2,50,1
2,51,1
2,52,1
2,53,1
2,54,0
2,55,0
2,56,0
2,57,0
2,58,0
2,59,0
2,60,0
2,61,0
2,62,0
2,63,0
3,0,0
3,1,0
3,2,0
3,3,0
3,4,0
3,5,0
3,6,0
3,7,0
3,8,0
3,9,0
3,10,0
3,11,0
3,12,0
3,13,0
3,14,0
3,15,0
3,16,0
3,17,0
3,18,0
3,19,0
3,20,0
3,21,0
3,22,0
3,23,0
3,24,1
3,25,1
3,26,1
3,27,1
3,28,1
3,29,0
3,30,0
3,31,0
3,32,0
3,33,0
3,34,0
3,35,0
3,36,0
3,37,0
3,38,0
3,39,0
3,40,0
3,41,0
3,42,0
3,43,0
3,44,0
3,45,0
3,46,0
3,47,0
3,48,0
3,49,0
3,50,1
3,51,1
3,52,1
3,53,1
3,54,0
3,55,0
3,56,0
3,57,0
3,58,0
3,59,0
3,60,0
3,61,0
3,62,0
3,63,0
4,0,0
4,1,0
4,2,0
4,3,0
4,4,0
4,5,0
4,6,0
4,7,0
4,8,0
4,9,0
4,10,0
4,11,0
4,12,0
4,13,0
4,14,0
4,15,0
4,16,0
4,17,0
4,18,0
4,19,0
4,20,0
4,21,0
4,22,0
4,23,0
4,24,1
4,25,1
4,26,1
4,27,1
4,28,1
4,29,1
4,30,0
4,31,0
4,32,0
4,33,0
4,34,0
4,35,0
4,36,0
4,37,0
4,38,0
4,39,0
4,40,0
4,41,0
4,42,0
4,43,0
4,44,0
4,45,0
4,46,0
4,47,0
4,48,0
4,49,0
4,50,0
4,51,1
4,52,1
4,53,1
4,54,1
4,55,0
4,56,0
4,57,0
4,58,0
4,59,0
4,60,0
4,61,0
4,62,0
4,63,0
5,0,0
5,1,0
5,2,0
5,3,0
5,4,0
5,5,0
5,6,0
5,7,0
5,8,0
5,9,1
5,10,1
5,11,1
5,12,1
5,13,1
5,14,1
5,15,1
5,16,0
5,17,0
5,18,0
5,19,0
5,20,0
5,21,0
5,22,0
5,23,0
5,24,0
5,25,1
5,26,1
5,27,1
5,28,1
5,29,1
5,30,0
5,31,0
5,32,0
5,33,0
5,34,0
5,35,0
5,36,0
5,37,0
5,38,0
5,39,0
5,40,0
5,41,0
5,42,0
5,43,0
5,44,1
5,45,1
5,46,0
5,47,0
5,48,0
5,49,0
5,50,0
5,51,1
5,52,1
5,53,1
5,54,1
5,55,0
5,56,0
5,57,0
5,58,0
5,59,0
5,60,0
5,61,0
5,62,0
5,63,0
6,0,0
6,1,0
6,2,0
6,3,0
6,4,0
6,5,0
6,6,0
6,7,1
6,8,1
6,9,1
6,10,1
6,11,1
6,12,1
6,13,1
6,14,1
6,15,1
6,16,1
6,17,0
6,18,0
6,19,0
6,20,0
6,21,0
6,22,0
6,23,0
6,24,0
6,25,1
6,26,1
6,27,1
6,28,1
6,29,1
6,30,0
6,31,0
6,32,0
6,33,0
6,34,0
6,35,0
6,36,0
6,37,0
6,38,0
6,39,0
6,40,0
6,41,0
6,42,0
6,43,1
6,44,1
6,45,1
6,46,1
6,47,0
6,48,0
6,49,0
6,50,0
6,51,1
6,52,1
6,53,1
6,54,1
6,55,0
6,56,0
6,57,0
6,58,0
6,59,0
6,60,0
6,61,0
6,62,0
6,63,0
7,0,0
7,1,0
7,2,0
7,3,1
7,4,1
7,5,0
7,6,1
7,7,1
7,8,1
7,9,1
7,10,1
7,11,0
7,12,0
7,13,0
7,14,1
7,15,1
7,16,1
7,17,1
7,18,0
7,19,0
7,20,0
7,21,0
7,22,0
7,23,0
7,24,1
7,25,1
7,26,1
7,27,1
7,28,1
7,29,1
7,30,1
7,31,0
7,32,0
7,33,0
7,34,0
7,35,0
7,36,0
7,37,0
7,38,0
7,39,0
7,40,0
7,41,1
7,42,1
7,43,1
7,44,1
7,45,1
7,46,1
7,47,1
7,48,0
7,49,0
7,50,1
7,51,1
7,52,1
7,53,1
7,54,0
7,55,0
7,56,0
7,57,0
7,58,0
7,59,0
7,60,0
7,61,0
7,62,0
7,63,0
8,0,0
8,1,0
8,2,1
8,3,1
8,4,1
8,5,1
8,6,1
8,7,1
8,8,1
8,9,0
8,10,0
8,11,0
8,12,0
8,13,0
8,14,0
8,15,1
8,16,1
8,17,1
8,18,1
8,19,1
8,20,0
8,21,0
8,22,0
8,23,0
8,24,1
8,25,1
8,26,1
8,27,1
8,28,1
8,29,1
8,30,1
8,31,0
8,32,0
8,33,0
8,34,0
8,35,0
8,36,0
8,37,0
8,38,0
8,39,0
8,40,1
8,41,1
8,42,1
8,43,1
8,44,1
8,45,1
8,46,1
8,47,1
8,48,1
8,49,1
8,50,1
8,51,1
8,52,1
8,53,0
8,54,0
8,55,0
8,56,0
8,57,0
8,58,0
8,59,0
8,60,0
8,61,0
8,62,0
8,63,0
9,0,0
9,1,0
9,2,1
9,3,1
9,4,1
9,5,1
9,6,1
9,7,1
9,8,0
9,9,0
9,10,0
9,11,0
9,12,0
9,13,0
9,14,0
9,15,0
9,16,1
9,17,1
9,18,1
9,19,1
9,20,1
9,21,0
9,22,0
9,23,1
9,24,1
9,25,1
9,26,1
9,27,1
9,28,1
9,29,1
9,30,1
9,31,0
9,32,0
9,33,0
9,34,0
9,35,0
9,36,0
9,37,0
9,38,0
9,39,1
9,40,1
9,41,1
9,42,1
9,43,1
9,44,1
9,45,1
9,46,1
9,47,1
9,48,1
9,49,1
9,50,1
9,51,1
9,52,1
9,53,0
9,54,0
9,55,0
9,56,0
9,57,0
9,58,0
9,59,0
9,60,0
9,61,0
9,62,0
9,63,0
10,0,0
10,1,0
10,2,1
10,3,1
10,4,1
10,5,1
10,6,1
10,7,0
10,8,0
10,9,0
10,10,0
10,11,0
10,12,0
10,13,0
10,14,0
10,15,0
10,16,1
10,17,1
10,18,1
10,19,1
10,20,1
10,21,1
10,22,1
10,23,1
10,24,1
10,25,1
10,26,1
10,27,1
10,28,1
10,29,1
10,30,1
10,31,1
10,32,0
10,33,0
10,34,0
10,35,0
10,36,0
10,37,0
10,38,0
10,39,1
10,40,1
10,41,1
10,42,1
10,43,1
10,44,1
10,45,1
10,46,1
10,47,1
10,48,1
10,49,1
10,50,1
10,51,1
10,52,1
10,53,0
10,54,0
10,55,0
10,56,0
10,57,0
10,58,0
10,59,0
10,60,0
10,61,0
10,62,0
10,63,0
11,0,0
11,1,0
11,2,0
11,3,1
11,4,1
11,5,1
11,6,1
11,7,0
11,8,0
11,9,0
11,10,0
11,11,0
11,12,0
11,13,0
11,14,0
11,15,1
11,16,1
11,17,1
11,18,1
11,19,1
11,20,1
11,21,1
11,22,1
11,23,1
11,24,1
11,25,1
11,26,1
11,27,1
11,28,1
11,29,1
11,30,1
11,31,1
11,32,1
11,33,0
11,34,0
11,35,0
11,36,0
11,37,0
11,38,0
11,39,1
11,40,1
11,41,1
11,42,1
11,43,1
11,44,1
11,45,1
11,46,1
11,47,1
11,48,1
11,49,1
11,50,1
11,51,1
11,52,1
11,53,0
11,54,0
11,55,0
11,56,0
11,57,0
11,58,0
11,59,0
11,60,0
11,61,0
11,62,0
11,63,0
12,0,0
12,1,0
12,2,0
12,3,1
12,4,1
12,5,1
12,6,0
12,7,0
12,8,0
12,9,0
12,10,0
12,11,0
12,12,0
12,13,0
12,14,1
12,15,1
12,16,1
12,17,1
12,18,0
12,19,0
12,20,1
12,21,1
12,22,1
12,23,1
12,24,1
12,25,1
12,26,1
12,27,1
12,28,1
12,29,1
12,30,1
12,31,1
12,32,1
12,33,0
12,34,0
12,35,0
12,36,0
12,37,0
12,38,0
12,39,0
12,40,1
12,41,1
12,42,1
12,43,1
12,44,1
12,45,1
12,46,1
12,47,1
12,48,0
12,49,0
12,50,1
12,51,1
12,52,1
12,53,1
12,54,0
12,55,0
12,56,0
12,57,0
12,58,0
12,59,0
12,60,0
12,61,0
12,62,0
12,63,0
13,0,0
13,1,0
13,2,0
13,3,1
13,4,1
13,5,1
13,6,0
13,7,0
13,8,0
13,9,0
13,10,0
13,11,0
13,12,0
13,13,1
13,14,1
13,15,1
13,16,1
13,17,1
13,18,0
13,19,0
13,20,1
13,21,1
13,22,1
13,23,0
13,24,0
13,25,1
13,26,1
13,27,1
13,28,1
13,29,1
13,30,1
13,31,1
13,32,1
13,33,0
13,34,0
13,35,0
13,36,0
13,37,0
13,38,0
13,39,0
13,40,1
13,41,1
13,42,1
13,43,1
13,44,1
13,45,1
13,46,1
13,47,0
13,48,0
13,49,0
13,50,0
13,51,1
13,52,1
13,53,1
13,54,1
13,55,0
13,56,0
13,57,0
13,58,0
13,59,0
13,60,0
13,61,0
13,62,0
13,63,0
14,0,0
14,1,0
14,2,0
14,3,1
14,4,1
14,5,1
14,6,0
14,7,0
14,8,0
14,9,0
14,10,0
14,11,0
14,12,0
14,13,1
14,14,1
14,15,1
14,16,1
14,17,1
14,18,1
14,19,1
14,20,1
14,21,1
14,22,1
14,23,0
14,24,0
14,25,0
14,26,0
14,27,1
14,28,1
14,29,1
14,30,1
14,31,1
14,32,0
14,33,0
14,34,0
14,35,0
14,36,0
14,37,0
14,38,0
14,39,0
14,40,0
14,41,1
14,42,1
14,43,1
14,44,1
14,45,1
14,46,0
14,47,0
14,48,0
14,49,0
14,50,0
14,51,1
14,52,1
14,53,1
14,54,1
14,55,1
14,56,0
14,57,0
14,58,0
14,59,0
14,60,0
14,61,0
14,62,0
14,63,0
15,0,0
15,1,0
15,2,1
15,3,1
15,4,1
15,5,1
15,6,0
15,7,0
15,8,0
15,9,0
15,10,0
15,11,0
15,12,1
15,13,1
15,14,1
15,15,1
15,16,1
15,17,1
15,18,1
15,19,1
15,20,1
15,21,1
15,22,1
15,23,0
15,24,0
15,25,0
15,26,0
15,27,1
15,28,1
15,29,1
15,30,1
15,31,0
15,32,0
15,33,0
15,34,0
15,35,0
15,36,0
15,37,0
15,38,0
15,39,0
15,40,0
15,41,0
15,42,1
15,43,1
15,44,1
15,45,0
15,46,0
15,47,0
15,48,0
15,49,0
15,50,1
15,51,1
15,52,1
15,53,1
15,54,1
15,55,1
15,56,1
15,57,0
15,58,0
15,59,0
15,60,0
15,61,0
15,62,0
15,63,0
16,0,0
16,1,0
16,2,1
16,3,1
16,4,1
16,5,1
16,6,1
16,7,0
16,8,0
16,9,0
16,10,0
16,11,1
16,12,1
16,13,1
16,14,1
16,15,1
16,16,0
16,17,0
16,18,1
16,19,1
16,20,1
16,21,1
16,22,1
16,23,1
16,24,1
16,25,0
16,26,0
16,27,1
16,28,1
16,29,1
16,30,1
16,31,0
16,32,0
16,33,0
16,34,0
16,35,0
16,36,0
16,37,0
16,38,0
16,39,0
16,40,0
16,41,0
16,42,1
16,43,1
16,44,1
16,45,0
16,46,0
16,47,0
16,48,0
16,49,1
16,50,1
16,51,1
16,52,1
16,53,1
16,54,1
16,55,1
16,56,1
16,57,1
16,58,0
16,59,0
16,60,0
16,61,0
16,62,0
16,63,0
17,0,0
17,1,0
17,2,0
17,3,1
17,4,1
17,5,1
17,6,1
17,7,0
17,8,0
17,9,0
17,10,0
17,11,1
17,12,1
17,13,1
17,14,1
17,15,0
17,16,0
17,17,0
17,18,1
17,19,1
17,20,1
17,21,1
17,22,1
17,23,1
17,24,1
17,25,1
17,26,1
17,27,1
17,28,1
17,29,1
17,30,1
17,31,1
17,32,0
17,33,0
17,34,0
17,35,0
17,36,0
17,37,0
17,38,0
17,39,0
17,40,0
17,41,1
17,42,1
17,43,1
17,44,0
17,45,0
17,46,0
17,47,0
17,48,1
17,49,1
17,50,1
17,51,1
17,52,1
17,53,1
17,54,1
17,55,1
17,56,1
17,57,1
17,58,1
17,59,1
17,60,1
17,61,0
17,62,0
17,63,0
18,0,0
18,1,0
18,2,0
18,3,0
18,4,0
18,5,1
18,6,1
18,7,1
18,8,0
18,9,0
18,10,1
18,11,1
18,12,1
18,13,1
18,14,1
18,15,0
18,16,0
18,17,0
18,18,0
18,19,1
18,20,1
18,21,1
18,22,1
18,23,1
18,24,1
18,25,1
18,26,1
18,27,1
18,28,1
18,29,1
18,30,1
18,31,1
18,32,0
18,33,0
18,34,0
18,35,0
18,36,0
18,37,0
18,38,0
18,39,0
18,40,0
18,41,1
18,42,1
18,43,1
18,44,0
18,45,0
18,46,0
18,47,1
18,48,1
18,49,1
18,50,1
18,51,1
18,52,1
18,53,1
18,54,1
18,55,1
18,56,1
18,57,1
18,58,1
18,59,1
18,60,1
18,61,1
18,62,0
18,63,0
19,0,0
19,1,0
19,2,0
19,3,0
19,4,0
19,5,1
19,6,1
19,7,1
19,8,1
19,9,1
19,10,1
19,11,1
19,12,1
19,13,1
19,14,0
19,15,0
19,16,0
19,17,0
19,18,0
19,19,0
19,20,1
19,21,1
19,22,1
19,23,1
19,24,1
19,25,1
19,26,1
19,27,1
19,28,1
19,29,1
19,30,1
19,31,0
19,32,0
19,33,0
19,34,0
19,35,0
19,36,0
19,37,0
19,38,0
19,39,0
19,40,0
19,41,1
19,42,1
19,43,1
19,44,1
19,45,0
19,46,1
19,47,1
19,48,1
19,49,1
19,50,1
19,51,1
19,52,1
19,53,1
19,54,1
19,55,1
19,56,1
19,57,1
19,58,1
19,59,1
19,60,1
19,61,1
19,62,1
19,63,0
20,0,0
20,1,0
20,2,0
20,3,0
20,4,0
20,5,0
20,6,1
20,7,1
20,8,1
20,9,1
20,10,1
20,11,1
20,12,1
20,13,1
20,14,0
20,15,0
20,16,0
20,17,0
20,18,0
20,19,0
20,20,1
20,21,1
20,22,1
20,23,1
20,24,1
20,25,1
20,26,1
20,27,1
20,28,1
20,29,0
20,30,0
20,31,0
20,32,0
20,33,0
20,34,0
20,35,0
20,36,0
20,37,0
20,38,0
20,39,0
20,40,1
20,41,1
20,42,1
20,43,1
20,44,1
20,45,1
20,46,1
20,47,1
20,48,1
20,49,1
20,50,1
20,51,1
20,52,1
20,53,1
20,54,1
20,55,0
20,56,0
20,57,1
20,58,1
20,59,1
20,60,1
20,61,1
20,62,1
20,63,0
21,0,0
21,1,0
21,2,0
21,3,0
21,4,0
21,5,0
21,6,0
21,7,1
21,8,1
21,9,1
21,10,1
21,11,1
21,12,1
21,13,0
21,14,0
21,15,0
21,16,0
21,17,0
21,18,0
21,19,0
21,20,0
21,21,1
21,22,1
21,23,1
21,24,1
21,25,1
21,26,1
21,27,1
21,28,0
21,29,0
21,30,0
21,31,0
21,32,0
21,33,0
21,34,0
21,35,0
21,36,0
21,37,0
21,38,1
21,39,1
21,40,1
21,41,1
21,42,1
21,43,1
21,44,1
21,45,1
21,46,1
21,47,1
21,48,1
21,49,1
21,50,1
21,51,1
21,52,1
21,53,1
21,54,1
21,55,0
21,56,0
21,57,0
21,58,1
21,59,1
21,60,1
21,61,1
21,62,1
21,63,0
22,0,0
22,1,0
22,2,0
22,3,0
22,4,0
22,5,0
22,6,0
22,7,0
22,8,1
22,9,1
22,10,1
22,11,1
22,12,0
22,13,0
22,14,0
22,15,0
22,16,0
22,17,0
22,18,0
22,19,0
22,20,0
22,21,1
22,22,1
22,23,1
22,24,1
22,25,0
22,26,0
22,27,0
22,28,0
22,29,0
22,30,0
22,31,0
22,32,0
22,33,0
22,34,0
22,35,0
22,36,0
22,37,1
22,38,1
22,39,1
22,40,1
22,41,1
22,42,1
22,43,1
22,44,1
22,45,1
22,46,1
22,47,1
22,48,1
22,49,1
22,50,1
22,51,1
22,52,1
22,53,1
22,54,1
22,55,1
22,56,0
22,57,0
22,58,0
22,59,1
22,60,1
22,61,1
22,62,0
22,63,0
23,0,0
23,1,0
23,2,0
23,3,0
23,4,0
23,5,0
23,6,0
23,7,0
23,8,1
23,9,1
23,10,1
23,11,1
23,12,1
23,13,0
23,14,0
23,15,0
23,16,0
23,17,0
23,18,0
23,19,0
23,20,1
23,21,1
23,22,1
23,23,1
23,24,1
23,25,0
23,26,0
23,27,0
23,28,0
23,29,0
23,30,0
23,31,0
23,32,0
23,33,0
23,34,0
23,35,0
23,36,0
23,37,1
23,38,1
23,39,1
23,40,1
23,41,1
23,42,1
23,43,1
23,44,1
23,45,1
23,46,1
23,47,1
23,48,1
23,49,1
23,50,1
23,51,1
23,52,1
23,53,1
23,54,1
23,55,1
23,56,1
23,57,0
23,58,0
23,59,0
23,60,0
23,61,0
23,62,0
23,63,0
24,0,0
24,1,0
24,2,0
24,3,0
24,4,0
24,5,0
24,6,0
24,7,0
24,8,1
24,9,1
24,10,1
24,11,1
24,12,1
24,13,1
24,14,1
24,15,0
24,16,0
24,17,0
24,18,0
24,19,1
24,20,1
24,21,1
24,22,1
24,23,1
24,24,1
24,25,1
24,26,0
24,27,0
24,28,0
24,29,0
24,30,0
24,31,0
24,32,0
24,33,0
24,34,0
24,35,0
24,36,1
24,37,1
24,38,1
24,39,1
24,40,1
24,41,1
24,42,1
24,43,1
24,44,1
24,45,1
24,46,1
24,47,1
24,48,1
24,49,1
24,50,1
24,51,1
24,52,1
24,53,1
24,54,1
24,55,1
24,56,1
24,57,1
24,58,0
24,59,0
24,60,0
24,61,0
24,62,0
24,63,0
25,0,0
25,1,0
25,2,0
25,3,0
25,4,0
25,5,0
25,6,0
25,7,1
25,8,1
25,9,1
25,10,1
25,11,1
25,12,1
25,13,1
25,14,1
25,15,1
25,16,1
25,17,1
25,18,1
25,19,1
25,20,1
25,21,1
25,22,1
25,23,1
25,24,1
25,25,1
25,26,1
25,27,0
25,28,0
25,29,0
25,30,0
25,31,0
25,32,0
25,33,0
25,34,0
25,35,0
25,36,1
25,37,1
25,38,1
25,39,1
25,40,1
25,41,1
25,42,1
25,43,1
25,44,1
25,45,1
25,46,1
25,47,1
25,48,1
25,49,1
25,50,1
25,51,1
25,52,1
25,53,1
25,54,1
25,55,1
25,56,1
25,57,1
25,58,0
25,59,0
25,60,0
25,61,0
25,62,0
25,63,0
26,0,0
26,1,0
26,2,0
26,3,0
26,4,0
26,5,0
26,6,1
26,7,1
26,8,1
26,9,1
26,10,1
26,11,1
26,12,1
26,13,1
26,14,1
26,15,1
26,16,1
26,17,1
26,18,1
26,19,1
26,20,1
26,21,1
26,22,1
26,23,1
26,24,1
26,25,1
26,26,1
26,27,0
26,28,0
26,29,0
26,30,0
26,31,0
26,32,0
26,33,0
26,34,0
26,35,1
26,36,1
26,37,1
26,38,1
26,39,1
26,40,1
26,41,1
26,42,1
26,43,1
26,44,1
26,45,1
26,46,1
26,47,1
26,48,1
26,49,1
26,50,1
26,51,1
26,52,1
26,53,1
26,54,1
26,55,1
26,56,1
26,57,1
26,58,0
26,59,0
26,60,0
26,61,0
26,62,0
26,63,0
27,0,0
27,1,0
27,2,0
27,3,0
27,4,0
27,5,1
27,6,1
27,7,1
27,8,1
27,9,1
27,10,1
27,11,1
27,12,1
27,13,1
27,14,1
27,15,1
27,16,1
27,17,1
27,18,1
27,19,1
27,20,1
27,21,1
27,22,1
27,23,1
27,24,1
27,25,1
27,26,1
27,27,0
27,28,0
27,29,0
27,30,0
27,31,0
27,32,0
27,33,0
27,34,1
27,35,1
27,36,1
27,37,1
27,38,1
27,39,1
27,40,1
27,41,1
27,42,1
27,43,1
27,44,1
27,45,1
27,46,1
27,47,1
27,48,1
27,49,1
27,50,1
27,51,1
27,52,1
27,53,1
27,54,1
27,55,1
27,56,1
27,57,0
27,58,0
27,59,0
27,60,0
27,61,0
27,62,0
27,63,0
28,0,0
28,1,0
28,2,0
28,3,0
28,4,0
28,5,1
28,6,1
28,7,1
28,8,1
28,9,1
28,10,1
28,11,1
28,12,1
28,13,1
28,14,1
28,15,1
28,16,1
28,17,1
28,18,1
28,19,1
28,20,1
28,21,1
28,22,1
28,23,1
28,24,1
28,25,1
28,26,0
28,27,0
28,28,0
28,29,0
28,30,0
28,31,0
28,32,0
28,33,0
28,34,1
28,35,1
28,36,1
28,37,1
28,38,1
28,39,1
28,40,1
28,41,1
28,42,1
28,43,1
28,44,1
28,45,1
28,46,1
28,47,1
28,48,1
28,49,0
28,50,0
28,51,0
28,52,0
28,53,1
28,54,1
28,55,1
28,56,0
28,57,0
28,58,0
28,59,0
28,60,0
28,61,0
28,62,0
28,63,0
29,0,0
29,1,0
29,2,0
29,3,0
29,4,0
29,5,0
29,6,1
29,7,1
29,8,1
29,9,1
29,10,1
29,11,1
29,12,1
29,13,1
29,14,1
29,15,1
29,16,1
29,17,1
29,18,1
29,19,1
29,20,1
29,21,1
29,22,1
29,23,0
29,24,0
29,25,0
29,26,0
29,27,0
29,28,0
29,29,0
29,30,0
29,31,0
29,32,0
29,33,0
29,34,1
29,35,1
29,36,1
29,37,1
29,38,1
29,39,1
29,40,1
29,41,1
29,42,1
29,43,1
29,44,1
29,45,1
29,46,1
29,47,1
29,48,0
29,49,0
29,50,0
29,51,0
29,52,0
29,53,0
29,54,1
29,55,1
29,56,1
29,57,0
29,58,0
29,59,0
29,60,0
29,61,0
29,62,0
29,63,0
30,0,0
30,1,0
30,2,0
30,3,0
30,4,0
30,5,0
30,6,0
30,7,1
30,8,1
30,9,1
30,10,1
30,11,0
30,12,0
30,13,1
30,14,1
30,15,1
30,16,1
30,17,1
30,18,1
30,19,1
30,20,1
30,21,1
30,22,0
30,23,0
30,24,0
30,25,0
30,26,0
30,27,0
30,28,0
30,29,0
30,30,0
30,31,0
30,32,0
30,33,1
30,34,1
30,35,1
30,36,1
30,37,1
30,38,1
30,39,1
30,40,1
30,41,1
30,42,1
30,43,1
30,44,1
30,45,1
30,46,1
30,47,1
30,48,0
30,49,0
30,50,0
30,51,0
30,52,0
30,53,0
30,54,1
30,55,1
30,56,1
30,57,1
30,58,0
30,59,0
30,60,0
30,61,0
30,62,0
30,63,0
31,0,0
31,1,0
31,2,0
31,3,0
31,4,0
31,5,0
31,6,0
31,7,1
31,8,1
31,9,1
31,10,0
31,11,0
31,12,0
31,13,0
31,14,1
31,15,1
31,16,1
31,17,1
31,18,1
31,19,1
31,20,0
31,21,0
31,22,0
31,23,0
31,24,0
31,25,0
31,26,0
31,27,0
31,28,0
31,29,1
31,30,1
31,31,1
31,32,1
31,33,1
31,34,1
31,35,1
31,36,1
31,37,1
31,38,1
31,39,1
31,40,1
31,41,1
31,42,1
31,43,1
31,44,1
31,45,1
31,46,1
31,47,1
31,48,1
31,49,1
31,50,0
31,51,0
31,52,0
31,53,1
31,54,1
31,55,1
31,56,1
31,57,1
31,58,1
31,59,1
31,60,0
31,61,0
31,62,0
31,63,0
32,0,0
32,1,0
32,2,0
32,3,0
32,4,0
32,5,0
32,6,0
32,7,0
32,8,1
32,9,1
32,10,0
32,11,0
32,12,0
32,13,0
32,14,1
32,15,1
32,16,1
32,17,1
32,18,1
32,19,1
32,20,0
32,21,0
32,22,0
32,23,0
32,24,0
32,25,0
32,26,0
32,27,0
32,28,1
32,29,1
32,30,1
32,31,1
32,32,1
32,33,1
32,34,1
32,35,1
32,36,1
32,37,1
32,38,1
32,39,1
32,40,1
32,41,1
32,42,1
32,43,1
32,44,1
32,45,1
32,46,1
32,47,1
32,48,1
32,49,1
32,50,1
32,51,0
32,52,0
32,53,1
32,54,1
32,55,1
32,56,1
32,57,1
32,58,1
32,59,1
32,60,1
32,61,0
32,62,0
32,63,0
33,0,0
33,1,0
33,2,0
33,3,0
33,4,0
33,5,0
33,6,0
33,7,0
33,8,1
33,9,1
33,10,1
33,11,0
33,12,0
33,13,0
33,14,0
33,15,1
33,16,1
33,17,1
33,18,1
33,19,1
33,20,1
33,21,0
33,22,0
33,23,0
33,24,0
33,25,0
33,26,0
33,27,1
33,28,1
33,29,1
33,30,1
33,31,1
33,32,0
33,33,0
33,34,1
33,35,1
33,36,1
33,37,1
33,38,1
33,39,1
33,40,1
33,41,1
33,42,1
33,43,1
33,44,0
33,45,0
33,46,0
33,47,0
33,48,1
33,49,1
33,50,1
33,51,1
33,52,1
33,53,1
33,54,1
33,55,1
33,56,1
33,57,1
33,58,1
33,59,1
33,60,1
33,61,0
33,62,0
33,63,0
34,0,0
34,1,0
34,2,0
34,3,0
34,4,0
34,5,0
34,6,0
34,7,0
34,8,1
34,9,1
34,10,1
34,11,1
34,12,0
34,13,0
34,14,0
34,15,0
34,16,1
34,17,1
34,18,1
34,19,1
34,20,1
34,21,0
34,22,0
34,23,0
34,24,0
34,25,0
34,26,0
34,27,1
34,28,1
34,29,1
34,30,1
34,31,1
34,32,0
34,33,0
34,34,0
34,35,1
34,36,1
34,37,1
34,38,1
34,39,1
34,40,1
34,41,1
34,42,1
34,43,0
34,44,0
34,45,0
34,46,0
34,47,0
34,48,0
34,49,1
34,50,1
34,51,1
34,52,1
34,53,1
34,54,1
34,55,0
34,56,0
34,57,1
34,58,1
34,59,1
34,60,1
34,61,0
34,62,0
34,63,0
35,0,0
35,1,0
35,2,0
35,3,0
35,4,0
35,5,0
35,6,0
35,7,0
35,8,0
35,9,1
35,10,1
35,11,1
35,12,0
35,13,0
35,14,0
35,15,0
35,16,0
35,17,1
35,18,1
35,19,1
35,20,1
35,21,0
35,22,0
35,23,0
35,24,0
35,25,0
35,26,0
35,27,1
35,28,1
35,29,1
35,30,1
35,31,1
35,32,0
35,33,0
35,34,0
35,35,0
35,36,0
35,37,0
35,38,1
35,39,1
35,40,1
35,41,0
35,42,0
35,43,0
35,44,0
35,45,0
35,46,0
35,47,0
35,48,0
35,49,0
35,50,1
35,51,1
35,52,1
35,53,1
35,54,0
35,55,0
35,56,0
35,57,0
35,58,1
35,59,1
35,60,1
35,61,0
35,62,0
35,63,0
36,0,0
36,1,0
36,2,0
36,3,0
36,4,0
36,5,0
36,6,0
36,7,0
36,8,0
36,9,1
36,10,1
36,11,1
36,12,1
36,13,0
36,14,0
36,15,0
36,16,0
36,17,1
36,18,1
36,19,1
36,20,1
36,21,0
36,22,0
36,23,0
36,24,0
36,25,0
36,26,0
36,27,0
36,28,1
36,29,1
36,30,1
36,31,1
36,32,1
36,33,0
36,34,0
36,35,0
36,36,0
36,37,0
36,38,1
36,39,1
36,40,1
36,41,0
36,42,0
36,43,0
36,44,1
36,45,1
36,46,0
36,47,0
36,48,0
36,49,0
36,50,1
36,51,1
36,52,1
36,53,1
36,54,0
36,55,0
36,56,0
36,57,0
36,58,1
36,59,1
36,60,1
36,61,1
36,62,0
36,63,0
37,0,0
37,1,0
37,2,0
37,3,0
37,4,0
37,5,0
37,6,0
37,7,1
37,8,1
37,9,1
37,10,1
37,11,1
37,12,1
37,13,1
37,14,0
37,15,0
37,16,0
37,17,1
37,18,1
37,19,1
37,20,1
37,21,0
37,22,0
37,23,0
37,24,0
37,25,0
37,26,0
37,27,0
37,28,0
37,29,0
37,30,1
37,31,1
37,32,1
37,33,0
37,34,0
37,35,0
37,36,0
37,37,0
37,38,0
37,39,1
37,40,1
37,41,1
37,42,1
37,43,1
37,44,1
37,45,1
37,46,1
37,47,0
37,48,0
37,49,1
37,50,1
37,51,1
37,52,1
37,53,1
37,54,1
37,55,0
37,56,0
37,57,0
37,58,0
37,59,1
37,60,1
37,61,1
37,62,0
37,63,0
38,0,0
38,1,0
38,2,0
38,3,0
38,4,0
38,5,0
38,6,1
38,7,1
38,8,1
38,9,1
38,10,1
38,11,1
38,12,1
38,13,1
38,14,0
38,15,0
38,16,1
38,17,1
38,18,1
38,19,1
38,20,1
38,21,0
38,22,0
38,23,0
38,24,0
38,25,0
38,26,0
38,27,0
38,28,0
38,29,0
38,30,1
38,31,1
38,32,1
38,33,0
38,34,0
38,35,0
38,36,0
38,37,0
38,38,0
38,39,1
38,40,1
38,41,1
38,42,1
38,43,1
38,44,1
38,45,1
38,46,1
38,47,1
38,48,1
38,49,1
38,50,1
38,51,1
38,52,1
38,53,1
38,54,1
38,55,1
38,56,0
38,57,0
38,58,0
38,59,0
38,60,1
38,61,1
38,62,0
38,63,0
39,0,0
39,1,0
39,2,0
39,3,0
39,4,0
39,5,0
39,6,1
39,7,1
39,8,1
39,9,1
39,10,1
39,11,1
39,12,1
39,13,1
39,14,1
39,15,1
39,16,1
39,17,1
39,18,1
39,19,1
39,20,0
39,21,0
39,22,0
39,23,0
39,24,0
39,25,0
39,26,0
39,27,0
39,28,0
39,29,0
39,30,1
39,31,1
39,32,1
39,33,1
39,34,0
39,35,0
39,36,0
39,37,0
39,38,0
39,39,0
39,40,0
39,41,1
39,42,1
39,43,1
39,44,1
39,45,1
39,46,1
39,47,1
39,48,1
39,49,1
39,50,1
39,51,1
39,52,1
39,53,1
39,54,1
39,55,1
39,56,1
39,57,0
39,58,0
39,59,0
39,60,1
39,61,1
39,62,0
39,63,0
40,0,0
40,1,0
40,2,0
40,3,0
40,4,0
40,5,1
40,6,1
40,7,1
40,8,1
40,9,1
40,10,1
40,11,1
40,12,1
40,13,1
40,14,1
40,15,1
40,16,1
40,17,1
40,18,1
40,19,0
40,20,0
40,21,0
40,22,0
40,23,0
40,24,0
40,25,0
40,26,0
40,27,0
40,28,0
40,29,0
40,30,0
40,31,1
40,32,1
40,33,1
40,34,1
40,35,1
40,36,0
40,37,0
40,38,0
40,39,0
40,40,0
40,41,0
40,42,0
40,43,0
40,44,1
40,45,1
40,46,1
40,47,1
40,48,1
40,49,1
40,50,1
40,51,1
40,52,1
40,53,1
40,54,1
40,55,1
40,56,1
40,57,0
40,58,0
40,59,1
40,60,1
40,61,1
40,62,0
40,63,0
41,0,0
41,1,0
41,2,0
41,3,0
41,4,0
41,5,1
41,6,1
41,7,1
41,8,0
41,9,0
41,10,1
41,11,1
41,12,1
41,13,1
41,14,1
41,15,1
41,16,1
41,17,0
41,18,0
41,19,0
41,20,0
41,21,0
41,22,0
41,23,0
41,24,0
41,25,0
41,26,0
41,27,0
41,28,0
41,29,0
41,30,0
41,31,0
41,32,1
41,33,1
41,34,1
41,35,1
41,36,1
41,37,0
41,38,0
41,39,0
41,40,0
41,41,0
41,42,0
41,43,0
41,44,1
41,45,1
41,46,1
41,47,1
41,48,1
41,49,1
41,50,1
41,51,1
41,52,1
41,53,1
41,54,1
41,55,1
41,56,0
41,57,0
41,58,0
41,59,1
41,60,1
41,61,1
41,62,0
41,63,0
42,0,0
42,1,0
42,2,0
42,3,0
42,4,1
42,5,1
42,6,1
42,7,1
42,8,0
42,9,0
42,10,0
42,11,1
42,12,1
42,13,1
42,14,1
42,15,1
42,16,0
42,17,0
42,18,0
42,19,0
42,20,0
42,21,0
42,22,0
42,23,0
42,24,0
42,25,0
42,26,0
42,27,0
42,28,0
42,29,0
42,30,0
42,31,0
42,32,0
42,33,1
42,34,1
42,35,1
42,36,1
42,37,1
42,38,0
42,39,0
42,40,0
42,41,0
42,42,0
42,43,0
42,44,0
42,45,1
42,46,1
42,47,1
42,48,1
42,49,1
42,50,1
42,51,1
42,52,1
42,53,1
42,54,1
42,55,1
42,56,0
42,57,0
42,58,1
42,59,1
42,60,1
42,61,1
42,62,0
42,63,0
43,0,0
43,1,0
43,2,0
43,3,0
43,4,1
43,5,1
43,6,1
43,7,1
43,8,0
43,9,0
43,10,0
43,11,1
43,12,1
43,13,1
43,14,1
43,15,1
43,16,0
43,17,0
43,18,0
43,19,0
43,20,0
43,21,0
43,22,0
43,23,0
43,24,0
43,25,0
43,26,0
43,27,0
43,28,0
43,29,0
43,30,0
43,31,0
43,32,0
43,33,1
43,34,1
43,35,1
43,36,1
43,37,1
43,38,0
43,39,0
43,40,0
43,41,0
43,42,0
43,43,0
43,44,0
43,45,0
43,46,1
43,47,1
43,48,1
43,49,1
43,50,1
43,51,1
43,52,1
43,53,1
43,54,1
43,55,1
43,56,1
43,57,1
43,58,1
43,59,1
43,60,1
43,61,0
43,62,0
43,63,0
44,0,0
44,1,0
44,2,0
44,3,0
44,4,0
44,5,1
44,6,1
44,7,1
44,8,0
44,9,0
44,10,1
44,11,1
44,12,1
44,13,1
44,14,1
44,15,1
44,16,0
44,17,0
44,18,0
44,19,0
44,20,0
44,21,0
44,22,0
44,23,0
44,24,0
44,25,0
44,26,0
44,27,0
44,28,0
44,29,0
44,30,0
44,31,0
44,32,1
44,33,1
44,34,1
44,35,1
44,36,1
44,37,0
44,38,0
44,39,0
44,40,0
44,41,0
44,42,0
44,43,0
44,44,0
44,45,0
44,46,1
44,47,1
44,48,1
44,49,1
44,50,1
44,51,1
44,52,1
44,53,1
44,54,1
44,55,1
44,56,1
44,57,1
44,58,1
44,59,1
44,60,1
44,61,0
44,62,0
44,63,0
45,0,0
45,1,0
45,2,0
45,3,0
45,4,0
45,5,1
45,6,1
45,7,0
45,8,0
45,9,0
45,10,1
45,11,1
45,12,1
45,13,1
45,14,1
45,15,1
45,16,0
45,17,0
45,18,0
45,19,0
45,20,0
45,21,0
45,22,0
45,23,0
45,24,0
45,25,0
45,26,0
45,27,1
45,28,1
45,29,0
45,30,0
45,31,0
45,32,1
45,33,1
45,34,1
45,35,1
45,36,0
45,37,0
45,38,0
45,39,0
45,40,0
45,41,0
45,42,0
45,43,0
45,44,0
45,45,1
45,46,1
45,47,1
45,48,1
45,49,1
45,50,1
45,51,1
45,52,1
45,53,1
45,54,1
45,55,1
45,56,1
45,57,1
45,58,1
45,59,1
45,60,0
45,61,0
45,62,0
45,63,0
46,0,0
46,1,0
46,2,0
46,3,0
46,4,1
46,5,1
46,6,1
46,7,0
46,8,0
46,9,0
46,10,1
46,11,1
46,12,1
46,13,1
46,14,1
46,15,1
46,16,1
46,17,0
46,18,0
46,19,0
46,20,0
46,21,0
46,22,0
46,23,0
46,24,0
46,25,0
46,26,1
46,27,1
46,28,1
46,29,1
46,30,0
46,31,0
46,32,0
46,33,1
46,34,1
46,35,0
46,36,0
46,37,0
46,38,0
46,39,0
46,40,0
46,41,0
46,42,0
46,43,0
46,44,0
46,45,1
46,46,1
46,47,1
46,48,1
46,49,1
46,50,1
46,51,1
46,52,1
46,53,1
46,54,1
46,55,1
46,56,1
46,57,1
46,58,1
46,59,1
46,60,0
46,61,0
46,62,0
46,63,0
47,0,0
47,1,0
47,2,0
47,3,0
47,4,1
47,5,1
47,6,1
47,7,0
47,8,0
47,9,1
47,10,1
47,11,1
47,12,1
47,13,1
47,14,1
47,15,1
47,16,1
47,17,0
47,18,0
47,19,0
47,20,0
47,21,0
47,22,0
47,23,0
47,24,0
47,25,0
47,26,1
47,27,1
47,28,1
47,29,1
47,30,1
47,31,0
47,32,0
47,33,1
47,34,1
47,35,0
47,36,0
47,37,0
47,38,0
47,39,0
47,40,0
47,41,0
47,42,0
47,43,0
47,44,0
47,45,1
47,46,1
47,47,1
47,48,1
47,49,1
47,50,1
47,51,1
47,52,1
47,53,1
47,54,1
47,55,1
47,56,1
47,57,1
47,58,1
47,59,1
47,60,1
47,61,0
47,62,0
47,63,0
48,0,0
48,1,0
48,2,0
48,3,0
48,4,0
48,5,1
48,6,1
48,7,1
48,8,1
48,9,1
48,10,1
48,11,1
48,12,1
48,13,1
48,14,1
48,15,1
48,16,1
48,17,0
48,18,0
48,19,0
48,20,0
48,21,0
48,22,0
48,23,0
48,24,0
48,25,1
48,26,1
48,27,1
48,28,1
48,29,1
48,30,1
48,31,1
48,32,1
48,33,1
48,34,1
48,35,1
48,36,0
48,37,0
48,38,0
48,39,0
48,40,0
48,41,0
48,42,0
48,43,0
48,44,1
48,45,1
48,46,1
48,47,1
48,48,1
48,49,1
48,50,1
48,51,1
48,52,1
48,53,1
48,54,1
48,55,1
48,56,1
48,57,1
48,58,1
48,59,1
48,60,1
48,61,1
48,62,0
48,63,0
49,0,0
49,1,0
49,2,0
49,3,0
49,4,0
49,5,1
49,6,1
49,7,1
49,8,1
49,9,1
49,10,1
49,11,1
49,12,1
49,13,1
49,14,1
49,15,1
49,16,1
49,17,1
49,18,0
49,19,0
49,20,1
49,21,1
49,22,1
49,23,1
49,24,1
49,25,1
49,26,1
49,27,1
49,28,1
49,29,1
49,30,1
49,31,1
49,32,1
49,33,1
49,34,1
49,35,1
49,36,1
49,37,0
49,38,0
49,39,0
49,40,0
49,41,0
49,42,0
49,43,1
49,44,1
49,45,1
49,46,1
49,47,1
49,48,0
49,49,0
49,50,1
49,51,1
49,52,1
49,53,1
49,54,1
49,55,1
49,56,1
49,57,1
49,58,1
49,59,1
49,60,1
49,61,1
49,62,0
49,63,0
50,0,0
50,1,0
50,2,0
50,3,0
50,4,0
50,5,0
50,6,0
50,7,1
50,8,1
50,9,1
50,10,1
50,11,1
50,12,1
50,13,1
50,14,1
50,15,1
50,16,1
50,17,1
50,18,1
50,19,1
50,20,1
50,21,1
50,22,1
50,23,1
50,24,1
50,25,1
50,26,1
50,27,1
50,28,1
50,29,1
50,30,1
50,31,1
50,32,1
50,33,1
50,34,1
50,35,1
50,36,1
50,37,1
50,38,0
50,39,0
50,40,0
50,41,0
50,42,0
50,43,1
50,44,1
50,45,1
50,46,1
50,47,0
50,48,0
50,49,0
50,50,0
50,51,1
50,52,1
50,53,1
50,54,1
50,55,1
50,56,1
50,57,1
50,58,1
50,59,1
50,60,1
50,61,1
50,62,0
50,63,0
51,0,0
51,1,0
51,2,0
51,3,0
51,4,0
51,5,0
51,6,0
51,7,1
51,8,1
51,9,1
51,10,1
51,11,1
51,12,1
51,13,0
51,14,0
51,15,0
51,16,1
51,17,1
51,18,1
51,19,1
51,20,1
51,21,1
51,22,1
51,23,1
51,24,0
51,25,0
51,26,1
51,27,1
51,28,0
51,29,0
51,30,0
51,31,0
51,32,1
51,33,1
51,34,1
51,35,1
51,36,1
51,37,1
51,38,0
51,39,0
51,40,0
51,41,0
51,42,1
51,43,1
51,44,1
51,45,1
51,46,1
51,47,0
51,48,0
51,49,0
51,50,0
51,51,1
51,52,1
51,53,1
51,54,1
51,55,1
51,56,1
51,57,1
51,58,1
51,59,1
51,60,1
51,61,1
51,62,1
51,63,0
52,0,0
52,1,0
52,2,0
52,3,0
52,4,0
52,5,0
52,6,0
52,7,0
52,8,1
52,9,1
52,10,1
52,11,1
52,12,0
52,13,0
52,14,0
52,15,0
52,16,0
52,17,0
52,18,1
52,19,1
52,20,1
52,21,1
52,22,0
52,23,0
52,24,0
52,25,0
52,26,0
52,27,0
52,28,0
52,29,0
52,30,0
52,31,0
52,32,1
52,33,1
52,34,1
52,35,1
52,36,1
52,37,1
52,38,1
52,39,1
52,40,1
52,41,1
52,42,1
52,43,1
52,44,1
52,45,1
52,46,1
52,47,1
52,48,0
52,49,0
52,50,0
52,51,0
52,52,1
52,53,1
52,54,1
52,55,1
52,56,1
52,57,1
52,58,1
52,59,1
52,60,1
52,61,1
52,62,1
52,63,0
53,0,0
53,1,0
53,2,0
53,3,0
53,4,0
53,5,0
53,6,0
53,7,0
53,8,0
53,9,1
53,10,1
53,11,0
53,12,0
53,13,0
53,14,0
53,15,0
53,16,0
53,17,0
53,18,1
53,19,1
53,20,1
53,21,0
53,22,0
53,23,0
53,24,0
53,25,0
53,26,0
53,27,0
53,28,0
53,29,0
53,30,1
53,31,1
53,32,1
53,33,1
53,34,1
53,35,1
53,36,1
53,37,1
53,38,1
53,39,1
53,40,1
53,41,1
53,42,1
53,43,1
53,44,1
53,45,1
53,46,1
53,47,1
53,48,1
53,49,0
53,50,0
53,51,0
53,52,0
53,53,1
53,54,1
53,55,1
53,56,1
53,57,1
53,58,1
53,59,0
53,60,0
53,61,1
53,62,1
53,63,0
54,0,0
54,1,0
54,2,0
54,3,0
54,4,0
54,5,0
54,6,0
54,7,0
54,8,0
54,9,0
54,10,0
54,11,0
54,12,0
54,13,0
54,14,0
54,15,0
54,16,0
54,17,0
54,18,0
54,19,1
54,20,1
54,21,0
54,22,0
54,23,0
54,24,0
54,25,0
54,26,0
54,27,0
54,28,0
54,29,1
54,30,1
54,31,1
54,32,1
54,33,1
54,34,1
54,35,1
54,36,1
54,37,1
54,38,1
54,39,1
54,40,1
54,41,1
54,42,1
54,43,1
54,44,1
54,45,1
54,46,1
54,47,1
54,48,1
54,49,1
54,50,0
54,51,0
54,52,0
54,53,1
54,54,1
54,55,1
54,56,1
54,57,1
54,58,0
54,59,0
54,60,0
54,61,1
54,62,1
54,63,0
55,0,0
55,1,0
55,2,0
55,3,0
55,4,0
55,5,0
55,6,0
55,7,0
55,8,0
55,9,0
55,10,0
55,11,0
55,12,0
55,13,0
55,14,0
55,15,0
55,16,0
55,17,0
55,18,0
55,19,1
55,20,1
55,21,1
55,22,0
55,23,0
55,24,0
55,25,0
55,26,0
55,27,0
55,28,1
55,29,1
55,30,1
55,31,1
55,32,1
55,33,1
55,34,1
55,35,1
55,36,1
55,37,1
55,38,1
55,39,1
55,40,1
55,41,1
55,42,1
55,43,1
55,44,1
55,45,1
55,46,1
55,47,1
55,48,1
55,49,1
55,50,1
55,51,1
55,52,1
55,53,1
55,54,1
55,55,1
55,56,1
55,57,1
55,58,0
55,59,0
55,60,1
55,61,1
55,62,1
55,63,0
56,0,0
56,1,0
56,2,0
56,3,0
56,4,0
56,5,0
56,6,0
56,7,0
56,8,0
56,9,0
56,10,0
56,11,0
56,12,0
56,13,0
56,14,0
56,15,0
56,16,0
56,17,0
56,18,1
56,19,1
56,20,1
56,21,1
56,22,0
56,23,0
56,24,0
56,25,0
56,26,0
56,27,0
56,28,1
56,29,1
56,30,1
56,31,1
56,32,1
56,33,1
56,34,1
56,35,1
56,36,1
56,37,1
56,38,1
56,39,1
56,40,1
56,41,1
56,42,1
56,43,1
56,44,1
56,45,1
56,46,1
56,47,1
56,48,1
56,49,1
56,50,1
56,51,1
56,52,1
56,53,1
56,54,1
56,55,1
56,56,1
56,57,1
56,58,0
56,59,0
56,60,1
56,61,1
56,62,1
56,63,0
57,0,0
57,1,0
57,2,0
57,3,0
57,4,0
57,5,0
57,6,0
57,7,0
57,8,0
57,9,0
57,10,0
57,11,0
57,12,0
57,13,0
57,14,0
57,15,1
57,16,1
57,17,1
57,18,1
57,19,1
57,20,1
57,21,1
57,22,1
57,23,0
57,24,0
57,25,0
57,26,0
57,27,1
57,28,1
57,29,1
57,30,1
57,31,1
57,32,1
57,33,1
57,34,1
57,35,1
57,36,1
57,37,1
57,38,1
57,39,1
57,40,1
57,41,1
57,42,1
57,43,1
57,44,1
57,45,1
57,46,1
57,47,1
57,48,1
57,49,1
57,50,1
57,51,1
57,52,1
57,53,1
57,54,1
57,55,1
57,56,1
57,57,1
57,58,1
57,59,1
57,60,1
57,61,1
57,62,0
57,63,0
58,0,0
58,1,0
58,2,0
58,3,0
58,4,0
58,5,0
58,6,0
58,7,0
58,8,0
58,9,0
58,10,0
58,11,0
58,12,0
58,13,0
58,14,1
58,15,1
58,16,1
58,17,1
58,18,1
58,19,1
58,20,1
58,21,1
58,22,1
58,23,1
58,24,1
58,25,1
58,26,1
58,27,1
58,28,1
58,29,1
58,30,1
58,31,1
58,32,1
58,33,1
58,34,1
58,35,0
58,36,0
58,37,1
58,38,1
58,39,1
58,40,1
58,41,1
58,42,1
58,43,1
58,44,1
58,45,1
58,46,1
58,47,1
58,48,1
58,49,1
58,50,1
58,51,1
58,52,1
58,53,1
58,54,1
58,55,1
58,56,1
58,57,1
58,58,1
58,59,1
58,60,1
58,61,1
58,62,0
58,63,0
59,0,0
59,1,0
59,2,0
59,3,0
59,4,0
59,5,0
59,6,0
59,7,0
59,8,0
59,9,0
59,10,0
59,11,0
59,12,0
59,13,0
59,14,1
59,15,1
59,16,1
59,17,1
59,18,1
59,19,1
59,20,1
59,21,1
59,22,1
59,23,1
59,24,1
59,25,1
59,26,1
59,27,1
59,28,1
59,29,1
59,30,1
59,31,1
59,32,1
59,33,1
59,34,0
59,35,0
59,36,0
59,37,0
59,38,1
59,39,1
59,40,1
59,41,1
59,42,1
59,43,1
59,44,1
59,45,1
59,46,1
59,47,1
59,48,1
59,49,1
59,50,1
59,51,1
59,52,1
59,53,1
59,54,1
59,55,1
59,56,1
59,57,1
59,58,1
59,59,1
59,60,1
59,61,1
59,62,1
59,63,0
60,0,0
60,1,0
60,2,0
60,3,0
60,4,0
60,5,0
60,6,0
60,7,0
60,8,0
60,9,0
60,10,0
60,11,0
60,12,0
60,13,0
60,14,0
60,15,1
60,16,1
60,17,1
60,18,1
60,19,1
60,20,1
60,21,1
60,22,1
60,23,1
60,24,1
60,25,1
60,26,1
60,27,1
60,28,1
60,29,1
60,30,1
60,31,1
60,32,1
60,33,1
60,34,0
60,35,0
60,36,0
60,37,0
60,38,0
60,39,1
60,40,1
60,41,1
60,42,1
60,43,1
60,44,1
60,45,1
60,46,1
60,47,0
60,48,0
60,49,0
60,50,1
60,51,1
60,52,1
60,53,1
60,54,1
60,55,1
60,56,0
60,57,0
60,58,1
60,59,1
60,60,1
60,61,1
60,62,1
60,63,0
61,0,0
61,1,0
61,2,0
61,3,0
61,4,0
61,5,0
61,6,0
61,7,0
61,8,0
61,9,0
61,10,0
61,11,0
61,12,0
61,13,0
61,14,0
61,15,0
61,16,0
61,17,1
61,18,1
61,19,1
61,20,1
61,21,1
61,22,1
61,23,1
61,24,0
61,25,0
61,26,1
61,27,1
61,28,0
61,29,0
61,30,1
61,31,1
61,32,1
61,33,0
61,34,0
61,35,0
61,36,0
61,37,0
61,38,0
61,39,0
61,40,1
61,41,1
61,42,1
61,43,1
61,44,1
61,45,1
61,46,0
61,47,0
61,48,0
61,49,0
61,50,0
61,51,1
61,52,1
61,53,1
61,54,1
61,55,0
61,56,0
61,57,0
61,58,0
61,59,1
61,60,1
61,61,1
61,62,0
61,63,0
62,0,0
62,1,0
62,2,0
62,3,0
62,4,0
62,5,0
62,6,0
62,7,0
62,8,0
62,9,0
62,10,0
62,11,0
62,12,0
62,13,0
62,14,0
62,15,0
62,16,0
62,17,0
62,18,1
62,19,1
62,20,1
62,21,0
62,22,0
62,23,0
62,24,0
62,25,0
62,26,0
62,27,0
62,28,0
62,29,0
62,30,0
62,31,0
62,32,0
62,33,0
62,34,0
62,35,0
62,36,0
62,37,0
62,38,0
62,39,0
62,40,0
62,41,0
62,42,1
62,43,1
62,44,1
62,45,0
62,46,0
62,47,0
62,48,0
62,49,0
62,50,0
62,51,0
62,52,1
62,53,1
62,54,0
62,55,0
62,56,0
62,57,0
62,58,0
62,59,0
62,60,0
62,61,0
62,62,0
62,63,0
63,0,0
63,1,0
63,2,0
63,3,0
63,4,0
63,5,0
63,6,0
63,7,0
63,8,0
63,9,0
63,10,0
63,11,0
63,12,0
63,13,0
63,14,0
63,15,0
63,16,0
63,17,0
63,18,0
63,19,0
63,20,0
63,21,0
63,22,0
63,23,0
63,24,0
63,25,0
63,26,0
63,27,0
63,28,0
63,29,0
63,30,0
63,31,0
63,32,0
63,33,0
63,34,0
63,35,0
63,36,0
63,37,0
63,38,0
63,39,0
63,40,0
63,41,0
63,42,0
63,43,0
63,44,0
63,45,0
63,46,0
63,47,0
63,48,0
63,49,0
63,50,0
63,51,0
63,52,0
63,53,0
63,54,0
63,55,0
63,56,0
63,57,0
63,58,0
63,59,0
63,60,0
63,61,0
63,62,0
63,63,0
